ts_code,trade_date,adj_factor
000001.SZ,20200910,111.0487
000002.SZ,20200910,153.9007
000004.SZ,20200910,4.0639
000005.SZ,20200910,9.2676
000006.SZ,20200910,36.5068
000007.SZ,20200910,8.2835
000008.SZ,20200910,22.4083
000009.SZ,20200910,8.8815
000010.SZ,20200910,10.7745
000011.SZ,20200910,3.7437
000012.SZ,20200910,26.7784
000014.SZ,20200910,5.4267
000016.SZ,20200910,21.8232
000017.SZ,20200910,2.6827
000019.SZ,20200910,4.2116
000020.SZ,20200910,1.7518
000021.SZ,20200910,14.0395
000023.SZ,20200910,2.6685
000025.SZ,20200910,2.7367
000026.SZ,20200910,7.7445
000027.SZ,20200910,16.3984
000028.SZ,20200910,3.9928
000030.SZ,20200910,3.4079
000031.SZ,20200910,14.651
000032.SZ,20200910,4.1635
000034.SZ,20200910,3.0419
000035.SZ,20200910,4.6116
000036.SZ,20200910,11.9118
000037.SZ,20200910,5.6683
000038.SZ,20200910,2.9238
000039.SZ,20200910,30.845
000040.SZ,20200910,4.3489
000042.SZ,20200910,13.3528
000045.SZ,20200910,2.9278
000046.SZ,20200910,34.0057
000048.SZ,20200910,6.259
000049.SZ,20200910,5.495
000050.SZ,20200910,8.3729
000055.SZ,20200910,9.7829
000056.SZ,20200910,4.7084
000058.SZ,20200910,3.2743
000059.SZ,20200910,1.7008
000060.SZ,20200910,37.8075
000061.SZ,20200910,21.4768
000062.SZ,20200910,7.2491
000063.SZ,20200910,15.8709
000065.SZ,20200910,15.3272
000066.SZ,20200910,10.8778
000068.SZ,20200910,2.2795
000069.SZ,20200910,42.485
000070.SZ,20200910,3.4835
000078.SZ,20200910,20.4845
000088.SZ,20200910,8.0164
000089.SZ,20200910,7.0873
000090.SZ,20200910,7.4845
000096.SZ,20200910,2.6544
000099.SZ,20200910,3.8031
000100.SZ,20200910,3.1677
000150.SZ,20200910,3.9436
000151.SZ,20200910,2.759
000153.SZ,20200910,5.6521
000155.SZ,20200910,1.5677
000156.SZ,20200910,1.0805
000157.SZ,20200910,71.0135
000158.SZ,20200910,2.9518
000159.SZ,20200910,3.2045
000166.SZ,20200910,1.449
000301.SZ,20200910,2.2932
000333.SZ,20200910,4.6351
000338.SZ,20200910,19.5913
000400.SZ,20200910,7.6722
000401.SZ,20200910,4.0476
000402.SZ,20200910,37.1556
000403.SZ,20200910,7.5813
000404.SZ,20200910,3.3367
000407.SZ,20200910,10.9833
000408.SZ,20200910,5.6754
000409.SZ,20200910,2.1503
000410.SZ,20200910,2.889
000411.SZ,20200910,2.5766
000413.SZ,20200910,4.5923
000415.SZ,20200910,20.9189
000416.SZ,20200910,9.6373
000417.SZ,20200910,17.4347
000419.SZ,20200910,14.4807
000420.SZ,20200910,6.3521
000421.SZ,20200910,6.9102
000422.SZ,20200910,14.7871
000423.SZ,20200910,10.1266
000425.SZ,20200910,38.4183
000426.SZ,20200910,16.9318
000428.SZ,20200910,12.1386
000429.SZ,20200910,3.7639
000430.SZ,20200910,4.6123
000488.SZ,20200910,9.5453
000498.SZ,20200910,2.8028
000501.SZ,20200910,6.6887
000502.SZ,20200910,3.1135
000503.SZ,20200910,7.6146
000504.SZ,20200910,2.1029
000505.SZ,20200910,3.3117
000506.SZ,20200910,2.8717
000507.SZ,20200910,4.562
000509.SZ,20200910,9.7463
000510.SZ,20200910,10.4222
000513.SZ,20200910,8.4095
000514.SZ,20200910,4.3499
000516.SZ,20200910,39.8728
000517.SZ,20200910,13.4059
000518.SZ,20200910,8.3769
000519.SZ,20200910,7.9372
000520.SZ,20200910,6.8547
000521.SZ,20200910,5.219
000523.SZ,20200910,6.6868
000524.SZ,20200910,4.927
000525.SZ,20200910,7.5239
000526.SZ,20200910,2.4707
000528.SZ,20200910,11.7158
000529.SZ,20200910,3.1643
000530.SZ,20200910,9.8524
000531.SZ,20200910,12.3691
000532.SZ,20200910,4.4189
000533.SZ,20200910,2.2577
000534.SZ,20200910,4.1719
000536.SZ,20200910,3.6732
000537.SZ,20200910,6.2044
000538.SZ,20200910,18.2402
000539.SZ,20200910,18.1674
000540.SZ,20200910,80.8949
000541.SZ,20200910,29.8867
000543.SZ,20200910,4.6173
000544.SZ,20200910,3.5108
000545.SZ,20200910,4.5595
000546.SZ,20200910,1.8279
000547.SZ,20200910,10.6037
000548.SZ,20200910,3.5358
000550.SZ,20200910,3.1162
000551.SZ,20200910,7.7258
000552.SZ,20200910,6.8641
000553.SZ,20200910,4.1865
000554.SZ,20200910,4.8963
000555.SZ,20200910,3.1414
000557.SZ,20200910,7.3282
000558.SZ,20200910,5.9568
000559.SZ,20200910,34.0423
000560.SZ,20200910,5.2718
000561.SZ,20200910,2.52
000563.SZ,20200910,17.3405
000564.SZ,20200910,3.0203
000565.SZ,20200910,7.5708
000566.SZ,20200910,9.5136
000567.SZ,20200910,4.7482
000568.SZ,20200910,32.7685
000570.SZ,20200910,4.4988
000571.SZ,20200910,7.6131
000572.SZ,20200910,4.6561
000573.SZ,20200910,7.6585
000576.SZ,20200910,6.1868
000581.SZ,20200910,5.0424
000582.SZ,20200910,4.8772
000584.SZ,20200910,4.8446
000585.SZ,20200910,1.2766
000586.SZ,20200910,3.6985
000587.SZ,20200910,12.6552
000589.SZ,20200910,5.0106
000590.SZ,20200910,4.7638
000591.SZ,20200910,13.5796
000592.SZ,20200910,6.3753
000593.SZ,20200910,5.6004
000595.SZ,20200910,4.9585
000596.SZ,20200910,3.4145
000597.SZ,20200910,4.7909
000598.SZ,20200910,25.1687
000599.SZ,20200910,4.8784
000600.SZ,20200910,6.971
000601.SZ,20200910,10.2572
000603.SZ,20200910,4.269
000605.SZ,20200910,3.5553
000606.SZ,20200910,6.443
000607.SZ,20200910,3.762
000608.SZ,20200910,11.1253
000609.SZ,20200910,6.0291
000610.SZ,20200910,3.0134
000611.SZ,20200910,4.5957
000612.SZ,20200910,9.7127
000613.SZ,20200910,1.4303
000615.SZ,20200910,9.0927
000616.SZ,20200910,28.3193
000617.SZ,20200910,7.0563
000619.SZ,20200910,9.2528
000620.SZ,20200910,2.2842
000622.SZ,20200910,2.5255
000623.SZ,20200910,21.1287
000625.SZ,20200910,7.803
000626.SZ,20200910,10.6781
000627.SZ,20200910,27.8822
000628.SZ,20200910,3.1234
000629.SZ,20200910,7.789
000630.SZ,20200910,26.8257
000631.SZ,20200910,17.9101
000632.SZ,20200910,7.5267
000633.SZ,20200910,7.4788
000635.SZ,20200910,4.1576
000636.SZ,20200910,17.3398
000637.SZ,20200910,17.1164
000638.SZ,20200910,4.4203
000639.SZ,20200910,10.9062
000650.SZ,20200910,21.5919
000651.SZ,20200910,159.0644
000652.SZ,20200910,27.4466
000655.SZ,20200910,5.716
000656.SZ,20200910,6.8465
000657.SZ,20200910,4.2404
000659.SZ,20200910,16.5266
000661.SZ,20200910,7.4329
000662.SZ,20200910,6.0428
000663.SZ,20200910,4.0494
000665.SZ,20200910,5.766
000666.SZ,20200910,1.5978
000667.SZ,20200910,25.3477
000668.SZ,20200910,3.6717
000669.SZ,20200910,3.6507
000671.SZ,20200910,32.242
000672.SZ,20200910,6.0105
000673.SZ,20200910,11.5076
000676.SZ,20200910,10.8038
000677.SZ,20200910,18.3
000678.SZ,20200910,4.9599
000679.SZ,20200910,5.7631
000680.SZ,20200910,5.447
000681.SZ,20200910,5.0388
000682.SZ,20200910,15.7495
000683.SZ,20200910,7.5563
000685.SZ,20200910,14.6087
000686.SZ,20200910,13.0331
000687.SZ,20200910,3.3189
000688.SZ,20200910,4.9472
000690.SZ,20200910,42.4939
000691.SZ,20200910,3.0546
000692.SZ,20200910,12.1896
000695.SZ,20200910,2.5496
000697.SZ,20200910,3.6749
000698.SZ,20200910,3.0306
000700.SZ,20200910,15.8937
000701.SZ,20200910,1.7257
000702.SZ,20200910,2.553
000703.SZ,20200910,9.2679
000705.SZ,20200910,5.4169
000707.SZ,20200910,3.0376
000708.SZ,20200910,3.6025
000709.SZ,20200910,10.1279
000710.SZ,20200910,3.4966
000711.SZ,20200910,9.7589
000712.SZ,20200910,13.1514
000713.SZ,20200910,4.4576
000715.SZ,20200910,4.9887
000716.SZ,20200910,3.7831
000717.SZ,20200910,4.6731
000718.SZ,20200910,8.043
000719.SZ,20200910,4.4898
000720.SZ,20200910,7.2605
000721.SZ,20200910,4.6898
000722.SZ,20200910,3.9154
000723.SZ,20200910,6.7032
000725.SZ,20200910,4.8796
000726.SZ,20200910,8.0348
000728.SZ,20200910,2.3347
000729.SZ,20200910,8.1077
000731.SZ,20200910,11.3094
000732.SZ,20200910,4.4276
000733.SZ,20200910,2.2012
000735.SZ,20200910,5.8409
000736.SZ,20200910,2.9908
000737.SZ,20200910,3.6357
000738.SZ,20200910,1.799
000739.SZ,20200910,12.2785
000750.SZ,20200910,12.5762
000751.SZ,20200910,3.3715
000752.SZ,20200910,4.7711
000753.SZ,20200910,10.7397
000755.SZ,20200910,2.5666
000756.SZ,20200910,1.9969
000757.SZ,20200910,4.0244
000758.SZ,20200910,16.8566
000759.SZ,20200910,7.0043
000761.SZ,20200910,1.9196
000762.SZ,20200910,5.3799
000766.SZ,20200910,3.268
000767.SZ,20200910,10.762
000768.SZ,20200910,8.4497
000776.SZ,20200910,5.6059
000777.SZ,20200910,6.9946
000778.SZ,20200910,13.3629
000779.SZ,20200910,2.2783
000780.SZ,20200910,4.901
000782.SZ,20200910,3.4049
000783.SZ,20200910,5.5315
000785.SZ,20200910,6.4216
000786.SZ,20200910,10.6158
000788.SZ,20200910,3.754
000789.SZ,20200910,5.8442
000790.SZ,20200910,12.2522
000791.SZ,20200910,3.7163
000793.SZ,20200910,12.7688
000795.SZ,20200910,4.2841
000796.SZ,20200910,4.0258
000797.SZ,20200910,6.6308
000798.SZ,20200910,2.3023
000799.SZ,20200910,2.0284
000800.SZ,20200910,2.386
000801.SZ,20200910,14.4574
000802.SZ,20200910,3.328
000803.SZ,20200910,3.0045
000806.SZ,20200910,8.5023
000807.SZ,20200910,6.8026
000809.SZ,20200910,2.8957
000810.SZ,20200910,5.3266
000811.SZ,20200910,15.2568
000812.SZ,20200910,7.3859
000813.SZ,20200910,3.7746
000815.SZ,20200910,3.4463
000816.SZ,20200910,7.3099
000818.SZ,20200910,2.0708
000819.SZ,20200910,8.384
000820.SZ,20200910,1.9253
000821.SZ,20200910,2.4619
000822.SZ,20200910,2.4052
000823.SZ,20200910,2.8641
000825.SZ,20200910,7.2766
000826.SZ,20200910,8.322
000828.SZ,20200910,3.6908
000829.SZ,20200910,14.8978
000830.SZ,20200910,6.7988
000831.SZ,20200910,3.9871
000833.SZ,20200910,1.6567
000835.SZ,20200910,7.4622
000836.SZ,20200910,8.0293
000837.SZ,20200910,4.035
000838.SZ,20200910,13.0372
000839.SZ,20200910,22.6109
000848.SZ,20200910,25.3698
000850.SZ,20200910,8.1647
000851.SZ,20200910,2.3968
000852.SZ,20200910,5.4787
000856.SZ,20200910,1.8779
000858.SZ,20200910,17.5558
000859.SZ,20200910,3.6754
000860.SZ,20200910,3.0019
000861.SZ,20200910,18.698
000862.SZ,20200910,2.6983
000863.SZ,20200910,6.0545
000868.SZ,20200910,6.7304
000869.SZ,20200910,4.646
000875.SZ,20200910,1.4061
000876.SZ,20200910,18.1639
000877.SZ,20200910,6.7268
000878.SZ,20200910,2.7924
000880.SZ,20200910,3.2323
000881.SZ,20200910,4.9508
000882.SZ,20200910,2.945
000883.SZ,20200910,5.3818
000885.SZ,20200910,2.03
000886.SZ,20200910,2.9905
000887.SZ,20200910,7.0992
000888.SZ,20200910,6.3028
000889.SZ,20200910,5.0505
000890.SZ,20200910,3.6025
000892.SZ,20200910,2.486
000893.SZ,20200910,2.0347
000895.SZ,20200910,21.3443
000897.SZ,20200910,5.9445
000898.SZ,20200910,3.0198
000899.SZ,20200910,3.5497
000900.SZ,20200910,12.9261
000901.SZ,20200910,6.5188
000902.SZ,20200910,3.579
000903.SZ,20200910,11.8797
000905.SZ,20200910,2.6115
000906.SZ,20200910,4.649
000908.SZ,20200910,2.8296
000909.SZ,20200910,2.1243
000910.SZ,20200910,2.4517
000911.SZ,20200910,1.8891
000912.SZ,20200910,2.3006
000913.SZ,20200910,2.7241
000915.SZ,20200910,3.2183
000917.SZ,20200910,7.9001
000918.SZ,20200910,2.4657
000919.SZ,20200910,3.6855
000920.SZ,20200910,3.0696
000921.SZ,20200910,1.3583
000922.SZ,20200910,2.7118
000923.SZ,20200910,1.6554
000925.SZ,20200910,3.0069
000926.SZ,20200910,3.4669
000927.SZ,20200910,1.5882
000928.SZ,20200910,2.1627
000929.SZ,20200910,2.4981
000930.SZ,20200910,5.7127
000931.SZ,20200910,1.5405
000932.SZ,20200910,2.1564
000933.SZ,20200910,12.4394
000935.SZ,20200910,3.0832
000936.SZ,20200910,6.5282
000937.SZ,20200910,7.7301
000938.SZ,20200910,7.0098
000948.SZ,20200910,2.5185
000949.SZ,20200910,4.7528
000950.SZ,20200910,2.3618
000951.SZ,20200910,3.2645
000952.SZ,20200910,2.5271
000953.SZ,20200910,2.6075
000955.SZ,20200910,2.4605
000957.SZ,20200910,5.1132
000958.SZ,20200910,4.4704
000959.SZ,20200910,2.2415
000960.SZ,20200910,3.384
000961.SZ,20200910,5.6589
000962.SZ,20200910,3.3617
000963.SZ,20200910,12.551
000965.SZ,20200910,2.8394
000966.SZ,20200910,3.928
000967.SZ,20200910,5.1224
000968.SZ,20200910,1.8807
000969.SZ,20200910,6.7425
000970.SZ,20200910,16.064
000971.SZ,20200910,3.7892
000972.SZ,20200910,3.2657
000973.SZ,20200910,3.8429
000975.SZ,20200910,7.0262
000976.SZ,20200910,3.6733
000977.SZ,20200910,6.5536
000978.SZ,20200910,3.133
000980.SZ,20200910,2.0778
000981.SZ,20200910,5.2811
000982.SZ,20200910,16.8414
000983.SZ,20200910,8.6683
000985.SZ,20200910,1.6644
000987.SZ,20200910,4.1507
000988.SZ,20200910,10.0169
000989.SZ,20200910,4.5828
000990.SZ,20200910,3.12
000993.SZ,20200910,1.8198
000996.SZ,20200910,4.0587
000997.SZ,20200910,10.9721
000998.SZ,20200910,10.9698
000999.SZ,20200910,2.0306
001696.SZ,20200910,24.5889
001872.SZ,20200910,4.3312
001896.SZ,20200910,1.3871
001914.SZ,20200910,8.3588
001965.SZ,20200910,1.0997
001979.SZ,20200910,1.1606
002001.SZ,20200910,28.2695
002002.SZ,20200910,10.8681
002003.SZ,20200910,16.1439
002004.SZ,20200910,19.9236
002005.SZ,20200910,10.0368
002006.SZ,20200910,7.7331
002007.SZ,20200910,41.3407
002008.SZ,20200910,12.827
002009.SZ,20200910,5.3608
002010.SZ,20200910,8.5156
002011.SZ,20200910,6.1998
002012.SZ,20200910,5.2125
002013.SZ,20200910,29.2142
002014.SZ,20200910,8.922
002015.SZ,20200910,5.7916
002016.SZ,20200910,6.5307
002017.SZ,20200910,6.2626
002019.SZ,20200910,14.6723
002020.SZ,20200910,9.5409
002021.SZ,20200910,9.2019
002022.SZ,20200910,12.1836
002023.SZ,20200910,10.2384
002024.SZ,20200910,88.0513
002025.SZ,20200910,6.5294
002026.SZ,20200910,3.6664
002027.SZ,20200910,12.9503
002028.SZ,20200910,19.7584
002029.SZ,20200910,9.8831
002030.SZ,20200910,14.6292
002031.SZ,20200910,14.8611
002032.SZ,20200910,8.4168
002033.SZ,20200910,5.4601
002034.SZ,20200910,3.3726
002035.SZ,20200910,16.1398
002036.SZ,20200910,7.0516
002037.SZ,20200910,4.1254
002038.SZ,20200910,21.5719
002039.SZ,20200910,2.4903
002040.SZ,20200910,3.0038
002041.SZ,20200910,13.5611
002042.SZ,20200910,6.9873
002043.SZ,20200910,7.2398
002044.SZ,20200910,9.7108
002045.SZ,20200910,5.7772
002046.SZ,20200910,4.9374
002047.SZ,20200910,3.2473
002048.SZ,20200910,6.4375
002049.SZ,20200910,4.4124
002050.SZ,20200910,14.4458
002051.SZ,20200910,5.369
002052.SZ,20200910,6.8184
002053.SZ,20200910,2.1688
002054.SZ,20200910,3.365
002055.SZ,20200910,5.9838
002056.SZ,20200910,8.7614
002057.SZ,20200910,5.6043
002058.SZ,20200910,2.3858
002059.SZ,20200910,2.121
002060.SZ,20200910,3.8896
002061.SZ,20200910,2.2336
002062.SZ,20200910,9.6411
002063.SZ,20200910,10.1676
002064.SZ,20200910,11.1607
002065.SZ,20200910,30.8574
002066.SZ,20200910,3.1617
002067.SZ,20200910,2.755
002068.SZ,20200910,5.7364
002069.SZ,20200910,6.6634
002071.SZ,20200910,1.5365
002072.SZ,20200910,1.1068
002073.SZ,20200910,9.2187
002074.SZ,20200910,4.5082
002075.SZ,20200910,2.839
002076.SZ,20200910,5.7638
002077.SZ,20200910,1.4698
002078.SZ,20200910,8.5164
002079.SZ,20200910,4.9165
002080.SZ,20200910,4.8334
002081.SZ,20200910,29.3581
002082.SZ,20200910,2.8793
002083.SZ,20200910,2.484
002084.SZ,20200910,2.7571
002085.SZ,20200910,7.7801
002086.SZ,20200910,4.1271
002087.SZ,20200910,2.3435
002088.SZ,20200910,3.7776
002090.SZ,20200910,5.7193
002091.SZ,20200910,6.7539
002092.SZ,20200910,3.3834
002093.SZ,20200910,12.1572
002094.SZ,20200910,5.3045
002095.SZ,20200910,4.4176
002096.SZ,20200910,4.944
002097.SZ,20200910,4.8397
002098.SZ,20200910,2.3291
002099.SZ,20200910,7.0963
002100.SZ,20200910,11.5039
002101.SZ,20200910,3.9695
002102.SZ,20200910,9.2117
002103.SZ,20200910,2.3737
002104.SZ,20200910,6.535
002105.SZ,20200910,1.5942
002106.SZ,20200910,3.5504
002107.SZ,20200910,7.3888
002108.SZ,20200910,16.7286
002109.SZ,20200910,3.6807
002110.SZ,20200910,2.0483
002111.SZ,20200910,3.459
002112.SZ,20200910,2.578
002113.SZ,20200910,10.8914
002114.SZ,20200910,1.8196
002115.SZ,20200910,6.2405
002116.SZ,20200910,4.4176
002117.SZ,20200910,5.6403
002118.SZ,20200910,12.4299
002119.SZ,20200910,3.7595
002120.SZ,20200910,6.2974
002121.SZ,20200910,15.516
002122.SZ,20200910,8.4723
002123.SZ,20200910,7.3381
002124.SZ,20200910,11.1877
002125.SZ,20200910,4.1278
002126.SZ,20200910,5.5227
002127.SZ,20200910,10.0431
002128.SZ,20200910,2.8227
002129.SZ,20200910,4.225
002130.SZ,20200910,20.3991
002131.SZ,20200910,43.759
002132.SZ,20200910,5.8456
002133.SZ,20200910,2.9964
002134.SZ,20200910,1.2511
002135.SZ,20200910,3.1212
002136.SZ,20200910,2.0705
002137.SZ,20200910,3.3007
002138.SZ,20200910,6.6212
002139.SZ,20200910,16.7342
002140.SZ,20200910,8.6239
002141.SZ,20200910,8.0588
002142.SZ,20200910,2.0891
002144.SZ,20200910,1.1192
002145.SZ,20200910,3.0406
002146.SZ,20200910,11.2674
002147.SZ,20200910,3.4401
002148.SZ,20200910,10.451
002149.SZ,20200910,3.1643
002150.SZ,20200910,5.6983
002151.SZ,20200910,5.8142
002152.SZ,20200910,16.3906
002153.SZ,20200910,17.3457
002154.SZ,20200910,11.6898
002155.SZ,20200910,2.6896
002156.SZ,20200910,2.7957
002157.SZ,20200910,15.3979
002158.SZ,20200910,3.9637
002159.SZ,20200910,1.5219
002160.SZ,20200910,2.1102
002161.SZ,20200910,10.7035
002162.SZ,20200910,2.2064
002163.SZ,20200910,4.6642
002164.SZ,20200910,3.1544
002165.SZ,20200910,7.5451
002166.SZ,20200910,7.1704
002167.SZ,20200910,7.8592
002168.SZ,20200910,14.9751
002169.SZ,20200910,7.6131
002170.SZ,20200910,8.0731
002171.SZ,20200910,5.0672
002172.SZ,20200910,3.0124
002173.SZ,20200910,3.0434
002174.SZ,20200910,3.112
002175.SZ,20200910,6.4665
002176.SZ,20200910,12.957
002177.SZ,20200910,8.8272
002178.SZ,20200910,6.5384
002179.SZ,20200910,7.7836
002180.SZ,20200910,4.8017
002181.SZ,20200910,2.1972
002182.SZ,20200910,3.2941
002183.SZ,20200910,14.9211
002184.SZ,20200910,2.165
002185.SZ,20200910,10.3945
002186.SZ,20200910,2.3765
002187.SZ,20200910,2.3712
002188.SZ,20200910,1.978
002189.SZ,20200910,1.0294
002190.SZ,20200910,2.6362
002191.SZ,20200910,6.2723
002192.SZ,20200910,3.0472
002193.SZ,20200910,2.0671
002194.SZ,20200910,3.6438
002195.SZ,20200910,29.748
002196.SZ,20200910,2.7974
002197.SZ,20200910,4.0901
002198.SZ,20200910,5.0818
002199.SZ,20200910,2.6322
002200.SZ,20200910,1.8149
002201.SZ,20200910,3.7595
002202.SZ,20200910,7.8035
002203.SZ,20200910,3.7347
002204.SZ,20200910,4.7906
002205.SZ,20200910,2.0986
002206.SZ,20200910,10.7085
002207.SZ,20200910,2.053
002208.SZ,20200910,5.3455
002209.SZ,20200910,1.5548
002210.SZ,20200910,10.352
002211.SZ,20200910,1.5237
002212.SZ,20200910,3.2565
002213.SZ,20200910,2.0982
002214.SZ,20200910,4.2019
002215.SZ,20200910,7.9136
002216.SZ,20200910,8.3591
002217.SZ,20200910,5.7233
002218.SZ,20200910,5.5733
002219.SZ,20200910,16.2335
002221.SZ,20200910,4.2108
002222.SZ,20200910,2.6215
002223.SZ,20200910,8.984
002224.SZ,20200910,6.9623
002225.SZ,20200910,1.8627
002226.SZ,20200910,9.0458
002227.SZ,20200910,2.0771
002228.SZ,20200910,9.6732
002229.SZ,20200910,5.1861
002230.SZ,20200910,13.4682
002231.SZ,20200910,3.0945
002232.SZ,20200910,3.1265
002233.SZ,20200910,2.7214
002234.SZ,20200910,2.1362
002235.SZ,20200910,4.5744
002236.SZ,20200910,42.6375
002237.SZ,20200910,8.2511
002238.SZ,20200910,3.1763
002239.SZ,20200910,9.0797
002240.SZ,20200910,1.6167
002241.SZ,20200910,23.0115
002242.SZ,20200910,4.6991
002243.SZ,20200910,1.71
002244.SZ,20200910,5.9477
002245.SZ,20200910,13.7899
002246.SZ,20200910,1.6033
002247.SZ,20200910,6.4872
002248.SZ,20200910,2.0282
002249.SZ,20200910,11.9151
002250.SZ,20200910,6.0215
002251.SZ,20200910,4.8216
002252.SZ,20200910,24.1257
002253.SZ,20200910,3.8232
002254.SZ,20200910,5.6816
002255.SZ,20200910,4.1571
002256.SZ,20200910,15.2259
002258.SZ,20200910,3.6457
002259.SZ,20200910,2.5849
002261.SZ,20200910,10.1382
002262.SZ,20200910,8.4927
002263.SZ,20200910,4.5245
002264.SZ,20200910,4.7252
002265.SZ,20200910,1.0026
002266.SZ,20200910,10.9568
002267.SZ,20200910,2.5071
002268.SZ,20200910,8.5056
002269.SZ,20200910,4.4873
002270.SZ,20200910,2.1171
002271.SZ,20200910,22.2943
002272.SZ,20200910,3.4148
002273.SZ,20200910,13.929
002274.SZ,20200910,3.2406
002275.SZ,20200910,1.6829
002276.SZ,20200910,3.7818
002277.SZ,20200910,6.3339
002278.SZ,20200910,2.1725
002279.SZ,20200910,9.9944
002280.SZ,20200910,13.5095
002281.SZ,20200910,3.2608
002282.SZ,20200910,2.1186
002283.SZ,20200910,4.1821
002284.SZ,20200910,6.4763
002285.SZ,20200910,14.5838
002286.SZ,20200910,3.56
002287.SZ,20200910,1.5117
002288.SZ,20200910,7.4549
002289.SZ,20200910,1.5244
002290.SZ,20200910,2.6571
002291.SZ,20200910,1.7255
002292.SZ,20200910,7.9124
002293.SZ,20200910,6.9568
002294.SZ,20200910,11.2144
002295.SZ,20200910,1.5821
002296.SZ,20200910,5.1324
002297.SZ,20200910,3.0148
002298.SZ,20200910,3.1359
002299.SZ,20200910,2.3684
002300.SZ,20200910,6.5713
002301.SZ,20200910,4.8107
002302.SZ,20200910,4.1249
002303.SZ,20200910,9.2985
002304.SZ,20200910,4.2206
002305.SZ,20200910,3.3564
002306.SZ,20200910,4.1741
002307.SZ,20200910,4.1931
002308.SZ,20200910,4.3338
002309.SZ,20200910,3.7722
002310.SZ,20200910,46.5301
002311.SZ,20200910,6.9335
002312.SZ,20200910,18.2071
002313.SZ,20200910,2.686
002314.SZ,20200910,2.295
002315.SZ,20200910,3.2519
002316.SZ,20200910,3.3364
002317.SZ,20200910,10.5845
002318.SZ,20200910,5.6406
002319.SZ,20200910,2.0512
002320.SZ,20200910,8.8408
002321.SZ,20200910,2.0607
002322.SZ,20200910,4.7187
002323.SZ,20200910,4.2979
002324.SZ,20200910,6.7459
002325.SZ,20200910,8.8346
002326.SZ,20200910,5.729
002327.SZ,20200910,10.1083
002328.SZ,20200910,2.834
002329.SZ,20200910,5.8735
002330.SZ,20200910,2.0483
002331.SZ,20200910,5.3961
002332.SZ,20200910,2.5539
002333.SZ,20200910,3.7202
002334.SZ,20200910,11.9008
002335.SZ,20200910,3.3866
002336.SZ,20200910,1.1901
002337.SZ,20200910,5.2327
002338.SZ,20200910,3.2452
002339.SZ,20200910,5.4793
002340.SZ,20200910,23.8682
002341.SZ,20200910,8.3197
002342.SZ,20200910,2.4812
002343.SZ,20200910,3.2014
002344.SZ,20200910,4.3871
002345.SZ,20200910,6.7994
002346.SZ,20200910,2.1817
002347.SZ,20200910,3.843
002348.SZ,20200910,6.8669
002349.SZ,20200910,7.8305
002350.SZ,20200910,4.8304
002351.SZ,20200910,7.0027
002352.SZ,20200910,3.4757
002353.SZ,20200910,8.188
002354.SZ,20200910,2.8737
002355.SZ,20200910,2.0865
002356.SZ,20200910,5.5131
002357.SZ,20200910,4.3246
002358.SZ,20200910,8.5014
002360.SZ,20200910,6.8381
002361.SZ,20200910,8.9277
002362.SZ,20200910,2.0
002363.SZ,20200910,2.5548
002364.SZ,20200910,6.4528
002365.SZ,20200910,3.3219
002366.SZ,20200910,2.3317
002367.SZ,20200910,7.7176
002368.SZ,20200910,5.4131
002369.SZ,20200910,4.2936
002370.SZ,20200910,3.5297
002371.SZ,20200910,4.7474
002372.SZ,20200910,8.0962
002373.SZ,20200910,4.0901
002374.SZ,20200910,6.6311
002375.SZ,20200910,6.1244
002376.SZ,20200910,4.5262
002377.SZ,20200910,4.3355
002378.SZ,20200910,2.0899
002379.SZ,20200910,8.0169
002380.SZ,20200910,3.2697
002381.SZ,20200910,5.4065
002382.SZ,20200910,6.5051
002383.SZ,20200910,4.798
002384.SZ,20200910,7.3105
002385.SZ,20200910,10.3011
002386.SZ,20200910,1.7881
002387.SZ,20200910,3.5575
002388.SZ,20200910,3.7386
002389.SZ,20200910,6.1636
002390.SZ,20200910,10.2793
002391.SZ,20200910,5.631
002392.SZ,20200910,8.4203
002393.SZ,20200910,1.1674
002394.SZ,20200910,4.4072
002395.SZ,20200910,3.2244
002396.SZ,20200910,3.2376
002397.SZ,20200910,12.7193
002398.SZ,20200910,6.1699
002399.SZ,20200910,3.7173
002400.SZ,20200910,18.4682
002401.SZ,20200910,5.8715
002402.SZ,20200910,12.0807
002403.SZ,20200910,1.4485
002404.SZ,20200910,4.9663
002405.SZ,20200910,4.0046
002406.SZ,20200910,3.7999
002407.SZ,20200910,5.6026
002408.SZ,20200910,6.1621
002409.SZ,20200910,3.1497
002410.SZ,20200910,12.6364
002411.SZ,20200910,4.1657
002412.SZ,20200910,7.3468
002413.SZ,20200910,4.9639
002414.SZ,20200910,5.4114
002415.SZ,20200910,21.0418
002416.SZ,20200910,2.7731
002417.SZ,20200910,2.2926
002418.SZ,20200910,4.9972
002419.SZ,20200910,4.0026
002420.SZ,20200910,1.0185
002421.SZ,20200910,17.9439
002422.SZ,20200910,6.4846
002423.SZ,20200910,1.0208
002424.SZ,20200910,10.8131
002425.SZ,20200910,4.4145
002426.SZ,20200910,5.2666
002427.SZ,20200910,2.0492
002428.SZ,20200910,5.2885
002429.SZ,20200910,8.9575
002430.SZ,20200910,2.1924
002431.SZ,20200910,9.8444
002432.SZ,20200910,3.0629
002433.SZ,20200910,4.2102
002434.SZ,20200910,6.738
002435.SZ,20200910,4.2359
002436.SZ,20200910,13.084
002437.SZ,20200910,15.8477
002438.SZ,20200910,4.1363
002439.SZ,20200910,8.2126
002440.SZ,20200910,5.0133
002441.SZ,20200910,4.669
002442.SZ,20200910,2.536
002443.SZ,20200910,3.6788
002444.SZ,20200910,4.3895
002445.SZ,20200910,7.2115
002446.SZ,20200910,4.9719
002447.SZ,20200910,18.4032
002448.SZ,20200910,5.6135
002449.SZ,20200910,3.0199
002451.SZ,20200910,3.0617
002452.SZ,20200910,5.573
002453.SZ,20200910,4.132
002454.SZ,20200910,2.8671
002455.SZ,20200910,6.163
002456.SZ,20200910,20.4314
002457.SZ,20200910,2.5789
002458.SZ,20200910,8.2263
002459.SZ,20200910,1.3241
002460.SZ,20200910,9.5722
002461.SZ,20200910,2.1043
002462.SZ,20200910,1.6675
002463.SZ,20200910,2.7683
002464.SZ,20200910,3.7978
002465.SZ,20200910,6.7455
002466.SZ,20200910,7.7536
002467.SZ,20200910,11.137
002468.SZ,20200910,2.2415
002469.SZ,20200910,8.2599
002470.SZ,20200910,4.2692
002471.SZ,20200910,6.9245
002472.SZ,20200910,5.1366
002473.SZ,20200910,2.0769
002474.SZ,20200910,6.2532
002475.SZ,20200910,33.7293
002476.SZ,20200910,5.2362
002478.SZ,20200910,2.4925
002479.SZ,20200910,3.88
002480.SZ,20200910,4.1044
002481.SZ,20200910,18.411
002482.SZ,20200910,8.4771
002483.SZ,20200910,3.1418
002484.SZ,20200910,4.697
002485.SZ,20200910,2.9577
002486.SZ,20200910,4.1833
002487.SZ,20200910,4.613
002488.SZ,20200910,6.1621
002489.SZ,20200910,11.4804
002490.SZ,20200910,2.0442
002491.SZ,20200910,4.2033
002492.SZ,20200910,3.2022
002493.SZ,20200910,9.9357
002494.SZ,20200910,2.7014
002495.SZ,20200910,9.6734
002496.SZ,20200910,14.2618
002497.SZ,20200910,6.6019
002498.SZ,20200910,7.9322
002499.SZ,20200910,2.5748
002500.SZ,20200910,1.1583
002501.SZ,20200910,7.5363
002502.SZ,20200910,6.6601
002503.SZ,20200910,37.9565
002504.SZ,20200910,3.3954
002505.SZ,20200910,15.1852
002506.SZ,20200910,5.0971
002507.SZ,20200910,5.5189
002508.SZ,20200910,6.7233
002510.SZ,20200910,4.3374
002511.SZ,20200910,8.0552
002512.SZ,20200910,6.9289
002513.SZ,20200910,2.9813
002514.SZ,20200910,6.6609
002515.SZ,20200910,10.9708
002516.SZ,20200910,8.4501
002517.SZ,20200910,6.234
002518.SZ,20200910,5.5195
002519.SZ,20200910,11.5133
002520.SZ,20200910,8.8029
002521.SZ,20200910,3.3804
002522.SZ,20200910,8.361
002523.SZ,20200910,7.3802
002524.SZ,20200910,4.586
002526.SZ,20200910,5.9792
002527.SZ,20200910,2.7488
002528.SZ,20200910,6.444
002529.SZ,20200910,1.299
002530.SZ,20200910,3.3462
002531.SZ,20200910,8.0157
002532.SZ,20200910,7.0157
002533.SZ,20200910,4.6059
002534.SZ,20200910,2.1882
002535.SZ,20200910,3.5294
002536.SZ,20200910,5.2012
002537.SZ,20200910,6.8883
002538.SZ,20200910,4.4911
002539.SZ,20200910,5.9572
002540.SZ,20200910,7.9576
002541.SZ,20200910,3.164
002542.SZ,20200910,18.6992
002543.SZ,20200910,4.7753
002544.SZ,20200910,6.3054
002545.SZ,20200910,5.1629
002546.SZ,20200910,9.8084
002547.SZ,20200910,6.1204
002548.SZ,20200910,4.8583
002549.SZ,20200910,8.321
002550.SZ,20200910,9.5378
002551.SZ,20200910,8.3091
002552.SZ,20200910,3.1346
002553.SZ,20200910,4.606
002554.SZ,20200910,7.1081
002555.SZ,20200910,11.8891
002556.SZ,20200910,5.3627
002557.SZ,20200910,3.2269
002558.SZ,20200910,4.1782
002559.SZ,20200910,6.9602
002560.SZ,20200910,4.2305
002561.SZ,20200910,1.3786
002562.SZ,20200910,6.7506
002563.SZ,20200910,5.3781
002564.SZ,20200910,3.2452
002565.SZ,20200910,8.3568
002566.SZ,20200910,3.0856
002567.SZ,20200910,5.1795
002568.SZ,20200910,4.4665
002569.SZ,20200910,1.5581
002570.SZ,20200910,2.5789
002571.SZ,20200910,4.0223
002572.SZ,20200910,18.4101
002573.SZ,20200910,7.8476
002574.SZ,20200910,2.338
002575.SZ,20200910,4.4846
002576.SZ,20200910,1.3555
002577.SZ,20200910,2.343
002578.SZ,20200910,5.1518
002579.SZ,20200910,3.8339
002580.SZ,20200910,4.1478
002581.SZ,20200910,2.8868
002582.SZ,20200910,4.1881
002583.SZ,20200910,5.6215
002584.SZ,20200910,2.6795
002585.SZ,20200910,3.6842
002586.SZ,20200910,6.1959
002587.SZ,20200910,7.3833
002588.SZ,20200910,9.472
002589.SZ,20200910,9.4334
002590.SZ,20200910,4.5883
002591.SZ,20200910,3.4648
002592.SZ,20200910,2.572
002593.SZ,20200910,3.2911
002594.SZ,20200910,1.0199
002595.SZ,20200910,4.6167
002596.SZ,20200910,4.9579
002597.SZ,20200910,4.9079
002598.SZ,20200910,2.3866
002599.SZ,20200910,3.4833
002600.SZ,20200910,4.1832
002601.SZ,20200910,9.3105
002602.SZ,20200910,9.6195
002603.SZ,20200910,2.7281
002605.SZ,20200910,4.4077
002606.SZ,20200910,4.1681
002607.SZ,20200910,8.2447
002608.SZ,20200910,2.6045
002609.SZ,20200910,5.4699
002610.SZ,20200910,12.5054
002611.SZ,20200910,6.9459
002612.SZ,20200910,2.4077
002613.SZ,20200910,3.6517
002614.SZ,20200910,4.8505
002615.SZ,20200910,5.178
002616.SZ,20200910,4.5041
002617.SZ,20200910,7.8213
002618.SZ,20200910,3.02
002619.SZ,20200910,6.1414
002620.SZ,20200910,4.0297
002621.SZ,20200910,8.2015
002622.SZ,20200910,5.8122
002623.SZ,20200910,1.0208
002624.SZ,20200910,3.1204
002625.SZ,20200910,6.6371
002626.SZ,20200910,7.7341
002627.SZ,20200910,3.2576
002628.SZ,20200910,3.8104
002629.SZ,20200910,3.7275
002630.SZ,20200910,5.9054
002631.SZ,20200910,4.2332
002632.SZ,20200910,5.6863
002633.SZ,20200910,1.5231
002634.SZ,20200910,6.9601
002635.SZ,20200910,4.7464
002636.SZ,20200910,2.6228
002637.SZ,20200910,4.4044
002638.SZ,20200910,5.0475
002639.SZ,20200910,3.0877
002640.SZ,20200910,12.2636
002641.SZ,20200910,6.0841
002642.SZ,20200910,4.6314
002643.SZ,20200910,5.658
002644.SZ,20200910,5.5955
002645.SZ,20200910,5.4128
002646.SZ,20200910,1.0865
002647.SZ,20200910,3.4022
002648.SZ,20200910,4.3581
002649.SZ,20200910,4.8393
002650.SZ,20200910,8.0361
002651.SZ,20200910,3.0375
002652.SZ,20200910,5.0355
002653.SZ,20200910,3.1797
002654.SZ,20200910,6.2223
002655.SZ,20200910,3.0418
002656.SZ,20200910,5.2989
002657.SZ,20200910,3.6374
002658.SZ,20200910,4.6938
002659.SZ,20200910,2.0292
002660.SZ,20200910,2.648
002661.SZ,20200910,3.4146
002662.SZ,20200910,4.7359
002663.SZ,20200910,8.1633
002664.SZ,20200910,3.1118
002665.SZ,20200910,13.8003
002666.SZ,20200910,4.6198
002667.SZ,20200910,3.4692
002668.SZ,20200910,4.9403
002669.SZ,20200910,2.1154
002670.SZ,20200910,2.3332
002671.SZ,20200910,4.073
002672.SZ,20200910,6.0854
002673.SZ,20200910,2.5105
002674.SZ,20200910,1.2389
002675.SZ,20200910,5.0272
002676.SZ,20200910,4.6811
002677.SZ,20200910,3.9378
002678.SZ,20200910,2.7428
002679.SZ,20200910,1.7836
002681.SZ,20200910,10.6233
002682.SZ,20200910,2.6057
002683.SZ,20200910,2.6938
002684.SZ,20200910,6.6454
002685.SZ,20200910,2.8954
002686.SZ,20200910,4.6842
002687.SZ,20200910,4.1404
002688.SZ,20200910,5.7731
002689.SZ,20200910,3.7532
002690.SZ,20200910,3.7923
002691.SZ,20200910,1.7231
002692.SZ,20200910,4.1553
002693.SZ,20200910,3.5029
002694.SZ,20200910,4.0968
002695.SZ,20200910,4.1901
002696.SZ,20200910,3.6317
002697.SZ,20200910,7.2016
002698.SZ,20200910,2.6984
002699.SZ,20200910,8.2719
002700.SZ,20200910,5.9307
002701.SZ,20200910,8.9756
002702.SZ,20200910,7.042
002703.SZ,20200910,2.5464
002705.SZ,20200910,1.936
002706.SZ,20200910,8.9481
002707.SZ,20200910,12.1546
002708.SZ,20200910,3.14
002709.SZ,20200910,4.0953
002712.SZ,20200910,5.2073
002713.SZ,20200910,3.7551
002714.SZ,20200910,12.9598
002715.SZ,20200910,1.0031
002716.SZ,20200910,3.8161
002717.SZ,20200910,13.4861
002718.SZ,20200910,2.5501
002719.SZ,20200910,1.6192
002721.SZ,20200910,3.0457
002722.SZ,20200910,1.0469
002723.SZ,20200910,2.0436
002724.SZ,20200910,1.9044
002725.SZ,20200910,2.6978
002726.SZ,20200910,4.5807
002727.SZ,20200910,2.1257
002728.SZ,20200910,2.2664
002729.SZ,20200910,1.0131
002730.SZ,20200910,2.2676
002731.SZ,20200910,1.725
002732.SZ,20200910,1.073
002733.SZ,20200910,2.3605
002734.SZ,20200910,3.1653
002735.SZ,20200910,1.7332
002736.SZ,20200910,1.1056
002737.SZ,20200910,4.7435
002738.SZ,20200910,1.5303
002739.SZ,20200910,3.0401
002740.SZ,20200910,3.031
002741.SZ,20200910,3.0582
002742.SZ,20200910,4.6998
002743.SZ,20200910,2.0546
002745.SZ,20200910,2.0978
002746.SZ,20200910,2.7328
002747.SZ,20200910,6.159
002748.SZ,20200910,2.1144
002749.SZ,20200910,6.4121
002750.SZ,20200910,6.1547
002751.SZ,20200910,2.0156
002752.SZ,20200910,1.9886
002753.SZ,20200910,3.5383
002755.SZ,20200910,1.7467
002756.SZ,20200910,2.0781
002757.SZ,20200910,2.3486
002758.SZ,20200910,3.8719
002759.SZ,20200910,2.5443
002760.SZ,20200910,1.0043
002761.SZ,20200910,2.9594
002762.SZ,20200910,5.5008
002763.SZ,20200910,2.0849
002765.SZ,20200910,2.0418
002766.SZ,20200910,2.0165
002767.SZ,20200910,1.5194
002768.SZ,20200910,3.0575
002769.SZ,20200910,5.0906
002770.SZ,20200910,3.8592
002771.SZ,20200910,2.6617
002772.SZ,20200910,2.131
002773.SZ,20200910,1.9971
002774.SZ,20200910,1.0189
002775.SZ,20200910,3.9669
002776.SZ,20200910,4.6007
002777.SZ,20200910,3.7665
002778.SZ,20200910,1.0118
002779.SZ,20200910,1.5115
002780.SZ,20200910,1.9561
002781.SZ,20200910,1.0144
002782.SZ,20200910,2.5986
002783.SZ,20200910,4.215
002785.SZ,20200910,1.0019
002786.SZ,20200910,3.027
002787.SZ,20200910,2.1256
002789.SZ,20200910,1.7266
002790.SZ,20200910,2.8208
002791.SZ,20200910,1.5393
002792.SZ,20200910,2.2824
002793.SZ,20200910,3.5599
002795.SZ,20200910,2.1043
002796.SZ,20200910,2.317
002797.SZ,20200910,1.621
002798.SZ,20200910,2.9844
002799.SZ,20200910,1.8232
002800.SZ,20200910,1.0124
002801.SZ,20200910,2.704
002802.SZ,20200910,1.0915
002803.SZ,20200910,2.9781
002805.SZ,20200910,1.5093
002806.SZ,20200910,1.728
002807.SZ,20200910,1.2951
002808.SZ,20200910,2.2731
002809.SZ,20200910,2.6214
002810.SZ,20200910,1.9684
002811.SZ,20200910,1.5797
002812.SZ,20200910,3.4954
002813.SZ,20200910,1.0101
002815.SZ,20200910,2.1295
002816.SZ,20200910,1.0042
002817.SZ,20200910,1.7253
002818.SZ,20200910,1.8912
002820.SZ,20200910,1.6898
002821.SZ,20200910,2.0291
002822.SZ,20200910,2.0502
002823.SZ,20200910,2.0862
002824.SZ,20200910,1.5191
002825.SZ,20200910,1.4439
002826.SZ,20200910,1.0121
002827.SZ,20200910,1.6151
002828.SZ,20200910,1.7317
002829.SZ,20200910,2.0058
002830.SZ,20200910,2.0629
002831.SZ,20200910,2.2858
002832.SZ,20200910,5.174
002833.SZ,20200910,1.663
002835.SZ,20200910,2.0224
002836.SZ,20200910,2.1112
002837.SZ,20200910,3.7751
002838.SZ,20200910,4.8861
002839.SZ,20200910,1.0743
002840.SZ,20200910,2.4202
002841.SZ,20200910,1.6458
002842.SZ,20200910,2.7661
002843.SZ,20200910,1.688
002845.SZ,20200910,2.0213
002846.SZ,20200910,1.6338
002847.SZ,20200910,1.0252
002848.SZ,20200910,1.0019
002849.SZ,20200910,1.5201
002850.SZ,20200910,1.5401
002851.SZ,20200910,2.2826
002852.SZ,20200910,3.0236
002853.SZ,20200910,2.5812
002855.SZ,20200910,1.0117
002856.SZ,20200910,1.2055
002857.SZ,20200910,1.6304
002858.SZ,20200910,2.0121
002859.SZ,20200910,4.0936
002860.SZ,20200910,2.6124
002861.SZ,20200910,1.046
002862.SZ,20200910,1.5119
002863.SZ,20200910,1.7212
002864.SZ,20200910,1.0104
002865.SZ,20200910,1.0257
002866.SZ,20200910,1.7347
002867.SZ,20200910,1.6253
002868.SZ,20200910,1.3558
002869.SZ,20200910,1.5761
002870.SZ,20200910,1.0273
002871.SZ,20200910,1.7741
002872.SZ,20200910,1.5206
002873.SZ,20200910,1.7217
002875.SZ,20200910,1.7165
002876.SZ,20200910,1.3109
002877.SZ,20200910,2.7536
002878.SZ,20200910,2.9722
002879.SZ,20200910,1.4443
002880.SZ,20200910,1.532
002881.SZ,20200910,1.7084
002882.SZ,20200910,1.0526
002883.SZ,20200910,2.4469
002884.SZ,20200910,3.2728
002885.SZ,20200910,2.269
002886.SZ,20200910,1.512
002887.SZ,20200910,4.0292
002888.SZ,20200910,1.5557
002889.SZ,20200910,1.0095
002890.SZ,20200910,1.0076
002891.SZ,20200910,1.7132
002892.SZ,20200910,1.753
002893.SZ,20200910,1.7291
002895.SZ,20200910,1.0511
002896.SZ,20200910,1.0132
002897.SZ,20200910,1.6279
002898.SZ,20200910,1.1226
002899.SZ,20200910,1.0092
002900.SZ,20200910,1.6374
002901.SZ,20200910,1.0328
002902.SZ,20200910,1.5122
002903.SZ,20200910,1.5197
002905.SZ,20200910,2.3271
002906.SZ,20200910,1.0214
002907.SZ,20200910,1.0064
002908.SZ,20200910,1.5392
002909.SZ,20200910,2.0667
002910.SZ,20200910,1.0132
002911.SZ,20200910,1.0663
002912.SZ,20200910,2.6056
002913.SZ,20200910,1.0262
002915.SZ,20200910,1.5135
002916.SZ,20200910,1.7107
002917.SZ,20200910,2.4404
002918.SZ,20200910,2.6347
002919.SZ,20200910,1.5236
002920.SZ,20200910,1.0209
002921.SZ,20200910,1.0297
002922.SZ,20200910,1.0334
002923.SZ,20200910,1.9169
002925.SZ,20200910,1.0544
002926.SZ,20200910,1.019
002927.SZ,20200910,2.4142
002928.SZ,20200910,2.2829
002929.SZ,20200910,1.0112
002930.SZ,20200910,1.8798
002931.SZ,20200910,1.6207
002932.SZ,20200910,1.0168
002933.SZ,20200910,1.0231
002935.SZ,20200910,1.9724
002936.SZ,20200910,1.164
002937.SZ,20200910,1.6286
002938.SZ,20200910,1.0311
002939.SZ,20200910,1.0207
002940.SZ,20200910,1.0413
002941.SZ,20200910,1.0093
002942.SZ,20200910,1.0234
002943.SZ,20200910,1.0044
002945.SZ,20200910,1.0061
002946.SZ,20200910,1.0067
002947.SZ,20200910,1.0176
002948.SZ,20200910,1.0736
002949.SZ,20200910,1.0232
002950.SZ,20200910,1.5346
002951.SZ,20200910,1.0384
002952.SZ,20200910,2.3131
002953.SZ,20200910,1.0105
002955.SZ,20200910,1.7002
002956.SZ,20200910,2.0307
002957.SZ,20200910,1.0071
002958.SZ,20200910,1.0546
002959.SZ,20200910,1.3101
002960.SZ,20200910,1.0109
002961.SZ,20200910,1.0062
002962.SZ,20200910,1.2084
002963.SZ,20200910,1.006
002965.SZ,20200910,1.0093
002966.SZ,20200910,1.0239
002967.SZ,20200910,1.6047
002968.SZ,20200910,1.5105
002969.SZ,20200910,1.0026
002970.SZ,20200910,2.014
002971.SZ,20200910,1.0
002972.SZ,20200910,1.0062
002973.SZ,20200910,1.0012
002975.SZ,20200910,2.0076
002976.SZ,20200910,1.0143
002977.SZ,20200910,1.0024
002978.SZ,20200910,1.0
002979.SZ,20200910,1.0
002980.SZ,20200910,1.0
002981.SZ,20200910,1.0018
002982.SZ,20200910,1.0016
002983.SZ,20200910,1.0
002985.SZ,20200910,1.01
002986.SZ,20200910,1.0
002987.SZ,20200910,1.0
002988.SZ,20200910,1.0
002989.SZ,20200910,1.0
002990.SZ,20200910,1.0
002991.SZ,20200910,1.0085
002992.SZ,20200910,1.0
002993.SZ,20200910,1.0
002995.SZ,20200910,1.0
002996.SZ,20200910,1.0
002997.SZ,20200910,1.0
002999.SZ,20200910,1.0
003816.SZ,20200910,1.0249
300001.SZ,20200910,6.9215
300002.SZ,20200910,15.3888
300003.SZ,20200910,4.3301
300004.SZ,20200910,4.0751
300005.SZ,20200910,12.1193
300006.SZ,20200910,7.6699
300007.SZ,20200910,4.1264
300008.SZ,20200910,11.4978
300009.SZ,20200910,14.9759
300010.SZ,20200910,5.1868
300011.SZ,20200910,8.4088
300012.SZ,20200910,19.3524
300013.SZ,20200910,4.6019
300014.SZ,20200910,17.7987
300015.SZ,20200910,28.8806
300016.SZ,20200910,7.3263
300017.SZ,20200910,23.4879
300018.SZ,20200910,6.6027
300019.SZ,20200910,7.199
300020.SZ,20200910,6.837
300021.SZ,20200910,10.5092
300022.SZ,20200910,4.0535
300023.SZ,20200910,3.7682
300024.SZ,20200910,23.7241
300025.SZ,20200910,7.9549
300026.SZ,20200910,48.0402
300027.SZ,20200910,15.1034
300029.SZ,20200910,1.0235
300030.SZ,20200910,4.0897
300031.SZ,20200910,6.6359
300032.SZ,20200910,4.2307
300033.SZ,20200910,8.6993
300034.SZ,20200910,3.7251
300035.SZ,20200910,8.4008
300036.SZ,20200910,5.3152
300037.SZ,20200910,3.4786
300038.SZ,20200910,4.3824
300039.SZ,20200910,11.5175
300040.SZ,20200910,4.3398
300041.SZ,20200910,6.02
300042.SZ,20200910,3.16
300043.SZ,20200910,21.0554
300044.SZ,20200910,7.624
300045.SZ,20200910,8.192
300046.SZ,20200910,4.3761
300047.SZ,20200910,5.2125
300048.SZ,20200910,8.3189
300049.SZ,20200910,3.608
300050.SZ,20200910,8.3369
300051.SZ,20200910,6.2847
300052.SZ,20200910,2.6871
300053.SZ,20200910,5.1225
300054.SZ,20200910,12.8465
300055.SZ,20200910,8.0109
300056.SZ,20200910,5.9711
300057.SZ,20200910,2.5943
300058.SZ,20200910,18.9544
300059.SZ,20200910,46.4777
300061.SZ,20200910,5.3781
300062.SZ,20200910,4.2175
300063.SZ,20200910,7.8606
300065.SZ,20200910,5.8446
300066.SZ,20200910,20.8168
300067.SZ,20200910,8.1895
300068.SZ,20200910,2.5871
300070.SZ,20200910,18.3797
300071.SZ,20200910,11.13
300072.SZ,20200910,20.4029
300074.SZ,20200910,13.4414
300075.SZ,20200910,6.9882
300076.SZ,20200910,8.3119
300077.SZ,20200910,5.1494
300078.SZ,20200910,12.6791
300079.SZ,20200910,12.5426
300080.SZ,20200910,2.6371
300081.SZ,20200910,5.0734
300082.SZ,20200910,7.7609
300083.SZ,20200910,8.2297
300084.SZ,20200910,4.4935
300085.SZ,20200910,10.9786
300086.SZ,20200910,4.8953
300087.SZ,20200910,8.1421
300088.SZ,20200910,17.1453
300089.SZ,20200910,3.7942
300091.SZ,20200910,12.1736
300092.SZ,20200910,2.5661
300093.SZ,20200910,1.8228
300094.SZ,20200910,2.4568
300095.SZ,20200910,4.0528
300096.SZ,20200910,5.1238
300097.SZ,20200910,3.6497
300098.SZ,20200910,15.3939
300099.SZ,20200910,14.4072
300100.SZ,20200910,3.3537
300101.SZ,20200910,8.1638
300102.SZ,20200910,5.4194
300103.SZ,20200910,5.0652
300105.SZ,20200910,6.2206
300106.SZ,20200910,1.5247
300107.SZ,20200910,9.3744
300108.SZ,20200910,6.1506
300109.SZ,20200910,4.3316
300110.SZ,20200910,5.4101
300111.SZ,20200910,2.2436
300112.SZ,20200910,3.641
300113.SZ,20200910,11.5459
300114.SZ,20200910,5.9243
300115.SZ,20200910,10.1711
300116.SZ,20200910,9.0166
300117.SZ,20200910,6.7621
300118.SZ,20200910,3.3874
300119.SZ,20200910,5.8053
300120.SZ,20200910,3.3725
300121.SZ,20200910,6.1306
300122.SZ,20200910,4.2129
300123.SZ,20200910,6.066
300124.SZ,20200910,16.1518
300125.SZ,20200910,4.5754
300126.SZ,20200910,3.8714
300127.SZ,20200910,2.4243
300129.SZ,20200910,6.0396
300130.SZ,20200910,6.9555
300131.SZ,20200910,18.5318
300132.SZ,20200910,6.0687
300133.SZ,20200910,25.3765
300134.SZ,20200910,4.3268
300135.SZ,20200910,12.2928
300136.SZ,20200910,13.0631
300137.SZ,20200910,4.472
300138.SZ,20200910,4.9717
300139.SZ,20200910,5.1611
300140.SZ,20200910,4.1859
300141.SZ,20200910,4.7038
300142.SZ,20200910,14.3507
300143.SZ,20200910,4.2508
300144.SZ,20200910,15.143
300145.SZ,20200910,19.5524
300146.SZ,20200910,28.1718
300147.SZ,20200910,5.2543
300148.SZ,20200910,5.8936
300149.SZ,20200910,6.5334
300150.SZ,20200910,4.7829
300151.SZ,20200910,8.1283
300152.SZ,20200910,6.8872
300153.SZ,20200910,4.3707
300154.SZ,20200910,4.9752
300155.SZ,20200910,8.1494
300157.SZ,20200910,6.1371
300158.SZ,20200910,4.3715
300159.SZ,20200910,18.3781
300160.SZ,20200910,7.2912
300161.SZ,20200910,1.5467
300162.SZ,20200910,5.2898
300163.SZ,20200910,6.3521
300164.SZ,20200910,6.2508
300165.SZ,20200910,6.7181
300166.SZ,20200910,18.6834
300167.SZ,20200910,6.9735
300168.SZ,20200910,8.1896
300169.SZ,20200910,3.0837
300170.SZ,20200910,6.5628
300171.SZ,20200910,8.6296
300172.SZ,20200910,5.4043
300173.SZ,20200910,5.3271
300174.SZ,20200910,3.7855
300175.SZ,20200910,4.4671
300176.SZ,20200910,4.5609
300177.SZ,20200910,12.2331
300178.SZ,20200910,4.5683
300179.SZ,20200910,6.6628
300180.SZ,20200910,7.028
300181.SZ,20200910,7.2628
300182.SZ,20200910,30.863
300183.SZ,20200910,4.9661
300184.SZ,20200910,8.7129
300185.SZ,20200910,8.5054
300187.SZ,20200910,9.5145
300188.SZ,20200910,13.2023
300189.SZ,20200910,6.5048
300190.SZ,20200910,11.0912
300191.SZ,20200910,4.0853
300192.SZ,20200910,3.4199
300193.SZ,20200910,2.5936
300194.SZ,20200910,6.3313
300195.SZ,20200910,3.339
300196.SZ,20200910,3.4757
300197.SZ,20200910,31.6948
300198.SZ,20200910,10.195
300199.SZ,20200910,8.3298
300200.SZ,20200910,3.7955
300201.SZ,20200910,10.6701
300202.SZ,20200910,6.7997
300203.SZ,20200910,1.0528
300204.SZ,20200910,7.8418
300205.SZ,20200910,5.6799
300206.SZ,20200910,6.4095
300207.SZ,20200910,6.8755
300208.SZ,20200910,10.2836
300209.SZ,20200910,3.0105
300210.SZ,20200910,5.9769
300211.SZ,20200910,6.5184
300212.SZ,20200910,8.5343
300213.SZ,20200910,6.2824
300214.SZ,20200910,3.2763
300215.SZ,20200910,18.4602
300216.SZ,20200910,5.3522
300217.SZ,20200910,12.9726
300218.SZ,20200910,2.1436
300219.SZ,20200910,5.3224
300220.SZ,20200910,4.3442
300221.SZ,20200910,4.2116
300222.SZ,20200910,6.3934
300223.SZ,20200910,2.6369
300224.SZ,20200910,4.6898
300225.SZ,20200910,7.8865
300226.SZ,20200910,4.7283
300227.SZ,20200910,5.5186
300228.SZ,20200910,6.4544
300229.SZ,20200910,5.2924
300230.SZ,20200910,6.8969
300231.SZ,20200910,9.9084
300232.SZ,20200910,9.6395
300233.SZ,20200910,2.1811
300234.SZ,20200910,5.9714
300235.SZ,20200910,3.694
300236.SZ,20200910,2.5274
300237.SZ,20200910,17.0307
300238.SZ,20200910,4.0737
300239.SZ,20200910,5.4196
300240.SZ,20200910,3.5661
300241.SZ,20200910,4.0606
300242.SZ,20200910,5.1538
300243.SZ,20200910,4.4233
300244.SZ,20200910,9.4993
300245.SZ,20200910,4.0547
300246.SZ,20200910,3.7878
300247.SZ,20200910,6.3045
300248.SZ,20200910,10.0633
300249.SZ,20200910,5.0966
300250.SZ,20200910,4.204
300251.SZ,20200910,25.7936
300252.SZ,20200910,4.9756
300253.SZ,20200910,35.1656
300254.SZ,20200910,1.4956
300255.SZ,20200910,7.8839
300256.SZ,20200910,4.5943
300257.SZ,20200910,6.4096
300258.SZ,20200910,4.3807
300259.SZ,20200910,14.1682
300260.SZ,20200910,3.095
300261.SZ,20200910,9.1189
300262.SZ,20200910,8.5008
300263.SZ,20200910,8.2861
300264.SZ,20200910,4.1406
300265.SZ,20200910,2.5845
300266.SZ,20200910,19.1476
300267.SZ,20200910,10.2492
300268.SZ,20200910,2.0265
300269.SZ,20200910,4.233
300270.SZ,20200910,6.7006
300271.SZ,20200910,8.5048
300272.SZ,20200910,5.6928
300273.SZ,20200910,5.8056
300274.SZ,20200910,6.7735
300275.SZ,20200910,2.8858
300276.SZ,20200910,16.4719
300277.SZ,20200910,5.2774
300278.SZ,20200910,4.0571
300279.SZ,20200910,5.7734
300280.SZ,20200910,1.021
300281.SZ,20200910,6.1921
300282.SZ,20200910,4.5283
300283.SZ,20200910,6.1783
300284.SZ,20200910,3.7277
300285.SZ,20200910,12.3515
300286.SZ,20200910,6.7027
300287.SZ,20200910,12.3971
300288.SZ,20200910,6.1041
300289.SZ,20200910,2.5768
300290.SZ,20200910,6.2216
300291.SZ,20200910,8.1445
300292.SZ,20200910,9.4134
300293.SZ,20200910,4.7594
300294.SZ,20200910,4.7782
300295.SZ,20200910,3.8695
300296.SZ,20200910,18.8998
300297.SZ,20200910,8.9736
300298.SZ,20200910,6.1664
300300.SZ,20200910,6.6622
300302.SZ,20200910,6.9017
300303.SZ,20200910,15.4558
300304.SZ,20200910,8.2705
300305.SZ,20200910,3.8496
300306.SZ,20200910,4.1915
300307.SZ,20200910,2.1981
300308.SZ,20200910,4.6459
300309.SZ,20200910,7.3012
300310.SZ,20200910,7.7011
300311.SZ,20200910,7.3472
300312.SZ,20200910,3.0319
300314.SZ,20200910,3.764
300315.SZ,20200910,12.2456
300316.SZ,20200910,9.1829
300317.SZ,20200910,2.767
300318.SZ,20200910,6.4439
300319.SZ,20200910,7.8189
300320.SZ,20200910,8.4805
300321.SZ,20200910,2.1319
300322.SZ,20200910,4.4149
300323.SZ,20200910,3.4661
300324.SZ,20200910,25.0152
300325.SZ,20200910,10.2754
300326.SZ,20200910,11.1423
300327.SZ,20200910,2.4699
300328.SZ,20200910,5.5813
300329.SZ,20200910,3.7265
300330.SZ,20200910,2.1672
300331.SZ,20200910,3.0882
300332.SZ,20200910,2.0643
300333.SZ,20200910,3.3356
300334.SZ,20200910,2.2653
300335.SZ,20200910,2.4955
300336.SZ,20200910,6.878
300337.SZ,20200910,4.4526
300338.SZ,20200910,4.3961
300339.SZ,20200910,6.3245
300340.SZ,20200910,3.6777
300341.SZ,20200910,4.1932
300342.SZ,20200910,4.3045
300343.SZ,20200910,13.8007
300344.SZ,20200910,4.7435
300345.SZ,20200910,4.3082
300346.SZ,20200910,8.4576
300347.SZ,20200910,12.4131
300348.SZ,20200910,11.6099
300349.SZ,20200910,5.8355
300350.SZ,20200910,3.645
300351.SZ,20200910,4.4904
300352.SZ,20200910,19.2871
300353.SZ,20200910,6.544
300354.SZ,20200910,3.2182
300355.SZ,20200910,10.0018
300356.SZ,20200910,3.8289
300357.SZ,20200910,5.4236
300358.SZ,20200910,5.2525
300359.SZ,20200910,8.3202
300360.SZ,20200910,6.2775
300363.SZ,20200910,3.8241
300364.SZ,20200910,4.9821
300365.SZ,20200910,11.0631
300366.SZ,20200910,6.0727
300367.SZ,20200910,17.73
300368.SZ,20200910,8.1267
300369.SZ,20200910,8.208
300370.SZ,20200910,16.3484
300371.SZ,20200910,3.6964
300373.SZ,20200910,5.1977
300374.SZ,20200910,2.1864
300375.SZ,20200910,6.5751
300376.SZ,20200910,23.0822
300377.SZ,20200910,10.5398
300378.SZ,20200910,2.2869
300379.SZ,20200910,4.0513
300380.SZ,20200910,2.0398
300381.SZ,20200910,6.2165
300382.SZ,20200910,11.2553
300383.SZ,20200910,20.2644
300384.SZ,20200910,5.498
300385.SZ,20200910,3.9344
300386.SZ,20200910,4.5106
300387.SZ,20200910,4.0832
300388.SZ,20200910,5.6254
300389.SZ,20200910,4.1392
300390.SZ,20200910,6.2011
300391.SZ,20200910,3.7863
300392.SZ,20200910,6.0199
300393.SZ,20200910,4.3818
300394.SZ,20200910,2.6608
300395.SZ,20200910,4.7236
300396.SZ,20200910,4.7826
300397.SZ,20200910,3.61
300398.SZ,20200910,5.5477
300399.SZ,20200910,2.4838
300400.SZ,20200910,3.0193
300401.SZ,20200910,5.0765
300402.SZ,20200910,1.0087
300403.SZ,20200910,5.3284
300404.SZ,20200910,3.3879
300406.SZ,20200910,4.2237
300407.SZ,20200910,4.0554
300408.SZ,20200910,4.2284
300409.SZ,20200910,5.591
300410.SZ,20200910,4.9018
300411.SZ,20200910,3.6229
300412.SZ,20200910,4.7324
300413.SZ,20200910,1.7177
300414.SZ,20200910,3.8671
300415.SZ,20200910,3.868
300416.SZ,20200910,3.0688
300417.SZ,20200910,3.5984
300418.SZ,20200910,3.9862
300419.SZ,20200910,7.691
300420.SZ,20200910,7.1366
300421.SZ,20200910,2.0953
300422.SZ,20200910,5.1139
300423.SZ,20200910,3.3326
300424.SZ,20200910,1.8211
300425.SZ,20200910,8.2469
300426.SZ,20200910,5.0364
300427.SZ,20200910,3.2968
300428.SZ,20200910,3.8084
300429.SZ,20200910,6.0165
300430.SZ,20200910,3.8739
300432.SZ,20200910,5.3232
300433.SZ,20200910,5.6047
300434.SZ,20200910,3.6915
300435.SZ,20200910,3.1007
300436.SZ,20200910,2.0267
300437.SZ,20200910,2.9183
300438.SZ,20200910,4.5451
300439.SZ,20200910,3.0673
300440.SZ,20200910,4.1467
300441.SZ,20200910,6.6307
300442.SZ,20200910,1.0052
300443.SZ,20200910,4.1217
300444.SZ,20200910,4.0484
300445.SZ,20200910,4.9295
300446.SZ,20200910,3.4687
300447.SZ,20200910,3.428
300448.SZ,20200910,7.7265
300449.SZ,20200910,3.6278
300450.SZ,20200910,12.294
300451.SZ,20200910,13.6539
300452.SZ,20200910,4.0439
300453.SZ,20200910,3.2946
300454.SZ,20200910,1.0028
300455.SZ,20200910,3.7181
300456.SZ,20200910,5.7475
300457.SZ,20200910,5.7013
300458.SZ,20200910,2.0722
300459.SZ,20200910,13.7703
300460.SZ,20200910,1.4118
300461.SZ,20200910,1.8224
300462.SZ,20200910,2.0333
300463.SZ,20200910,3.0663
300464.SZ,20200910,2.5351
300465.SZ,20200910,3.2301
300466.SZ,20200910,5.4208
300467.SZ,20200910,4.017
300468.SZ,20200910,2.7813
300469.SZ,20200910,3.0739
300470.SZ,20200910,3.7209
300471.SZ,20200910,5.1277
300472.SZ,20200910,2.4355
300473.SZ,20200910,1.0549
300474.SZ,20200910,2.0215
300475.SZ,20200910,2.1541
300476.SZ,20200910,4.7344
300477.SZ,20200910,6.4528
300478.SZ,20200910,1.9287
300479.SZ,20200910,2.0238
300480.SZ,20200910,2.6355
300481.SZ,20200910,3.1607
300482.SZ,20200910,3.6796
300483.SZ,20200910,1.007
300484.SZ,20200910,4.0579
300485.SZ,20200910,4.1415
300486.SZ,20200910,1.5119
300487.SZ,20200910,2.5509
300488.SZ,20200910,2.6527
300489.SZ,20200910,3.0096
300490.SZ,20200910,2.0337
300491.SZ,20200910,1.8147
300492.SZ,20200910,1.7528
300493.SZ,20200910,3.8476
300494.SZ,20200910,2.0452
300495.SZ,20200910,7.6875
300496.SZ,20200910,3.9565
300497.SZ,20200910,5.9657
300498.SZ,20200910,1.9774
300499.SZ,20200910,4.1223
300500.SZ,20200910,2.6692
300501.SZ,20200910,2.9661
300502.SZ,20200910,4.2797
300503.SZ,20200910,2.5328
300504.SZ,20200910,1.02
300505.SZ,20200910,1.3288
300506.SZ,20200910,4.8443
300507.SZ,20200910,4.6511
300508.SZ,20200910,1.6147
300509.SZ,20200910,3.9518
300510.SZ,20200910,6.2214
300511.SZ,20200910,2.959
300512.SZ,20200910,2.2005
300513.SZ,20200910,2.9279
300514.SZ,20200910,2.0226
300515.SZ,20200910,2.0689
300516.SZ,20200910,1.5181
300517.SZ,20200910,1.0098
300518.SZ,20200910,1.0049
300519.SZ,20200910,2.1448
300520.SZ,20200910,2.2261
300521.SZ,20200910,1.8164
300522.SZ,20200910,2.7965
300523.SZ,20200910,2.7284
300525.SZ,20200910,3.5679
300526.SZ,20200910,2.4188
300527.SZ,20200910,1.9949
300528.SZ,20200910,1.2138
300529.SZ,20200910,1.9609
300530.SZ,20200910,2.4066
300531.SZ,20200910,3.5218
300532.SZ,20200910,3.3674
300533.SZ,20200910,1.5636
300534.SZ,20200910,3.519
300535.SZ,20200910,1.7077
300536.SZ,20200910,3.2056
300537.SZ,20200910,1.6327
300538.SZ,20200910,2.7422
300539.SZ,20200910,2.2303
300540.SZ,20200910,1.5109
300541.SZ,20200910,1.9741
300542.SZ,20200910,3.338
300543.SZ,20200910,3.5059
300545.SZ,20200910,2.0251
300546.SZ,20200910,2.5593
300547.SZ,20200910,3.9441
300548.SZ,20200910,1.821
300549.SZ,20200910,2.0762
300550.SZ,20200910,1.9746
300551.SZ,20200910,2.7182
300552.SZ,20200910,1.8552
300553.SZ,20200910,1.0156
300554.SZ,20200910,1.8182
300555.SZ,20200910,2.5229
300556.SZ,20200910,1.0166
300557.SZ,20200910,1.0182
300558.SZ,20200910,1.0102
300559.SZ,20200910,5.526
300560.SZ,20200910,2.7165
300561.SZ,20200910,4.6051
300562.SZ,20200910,3.2202
300563.SZ,20200910,1.0195
300564.SZ,20200910,1.0126
300565.SZ,20200910,1.3195
300566.SZ,20200910,1.9783
300567.SZ,20200910,3.0577
300568.SZ,20200910,2.948
300569.SZ,20200910,4.8815
300570.SZ,20200910,1.9085
300571.SZ,20200910,3.0515
300572.SZ,20200910,2.9352
300573.SZ,20200910,1.021
300575.SZ,20200910,1.8634
300576.SZ,20200910,1.9814
300577.SZ,20200910,3.3048
300578.SZ,20200910,1.836
300579.SZ,20200910,2.2923
300580.SZ,20200910,1.035
300581.SZ,20200910,3.8479
300582.SZ,20200910,1.5214
300583.SZ,20200910,1.0106
300584.SZ,20200910,1.5478
300585.SZ,20200910,2.0455
300586.SZ,20200910,4.861
300587.SZ,20200910,2.9706
300588.SZ,20200910,1.6134
300589.SZ,20200910,2.3495
300590.SZ,20200910,3.0902
300591.SZ,20200910,1.3106
300592.SZ,20200910,1.0085
300593.SZ,20200910,1.4155
300594.SZ,20200910,1.0056
300595.SZ,20200910,8.8367
300596.SZ,20200910,1.5265
300597.SZ,20200910,1.0055
300598.SZ,20200910,1.3059
300599.SZ,20200910,1.0491
300600.SZ,20200910,2.9669
300601.SZ,20200910,1.5117
300602.SZ,20200910,4.7451
300603.SZ,20200910,2.5788
300604.SZ,20200910,3.6314
300605.SZ,20200910,1.967
300606.SZ,20200910,1.0062
300607.SZ,20200910,3.3001
300608.SZ,20200910,2.4179
300609.SZ,20200910,1.0204
300610.SZ,20200910,1.545
300611.SZ,20200910,2.0494
300612.SZ,20200910,2.2885
300613.SZ,20200910,1.8101
300615.SZ,20200910,2.3891
300616.SZ,20200910,1.8395
300617.SZ,20200910,2.0357
300618.SZ,20200910,2.2828
300619.SZ,20200910,1.0109
300620.SZ,20200910,1.0163
300621.SZ,20200910,1.5293
300622.SZ,20200910,2.0772
300623.SZ,20200910,4.6768
300624.SZ,20200910,1.6172
300625.SZ,20200910,1.0808
300626.SZ,20200910,1.812
300627.SZ,20200910,2.872
300628.SZ,20200910,12.4628
300629.SZ,20200910,1.5043
300630.SZ,20200910,3.4722
300631.SZ,20200910,1.6402
300632.SZ,20200910,2.0641
300633.SZ,20200910,1.0058
300634.SZ,20200910,1.006
300635.SZ,20200910,1.6132
300636.SZ,20200910,1.6147
300637.SZ,20200910,1.9763
300638.SZ,20200910,2.7327
300639.SZ,20200910,2.4549
300640.SZ,20200910,2.8255
300641.SZ,20200910,1.7533
300642.SZ,20200910,1.5328
300643.SZ,20200910,1.0183
300644.SZ,20200910,1.0178
300645.SZ,20200910,1.927
300647.SZ,20200910,2.7312
300648.SZ,20200910,2.0058
300649.SZ,20200910,2.0318
300650.SZ,20200910,1.7376
300651.SZ,20200910,1.7126
300652.SZ,20200910,1.0251
300653.SZ,20200910,1.5448
300654.SZ,20200910,1.981
300655.SZ,20200910,1.7193
300656.SZ,20200910,1.8426
300657.SZ,20200910,2.8743
300658.SZ,20200910,1.5513
300659.SZ,20200910,2.5878
300660.SZ,20200910,2.6657
300661.SZ,20200910,2.5563
300662.SZ,20200910,1.0113
300663.SZ,20200910,2.2512
300664.SZ,20200910,1.5007
300666.SZ,20200910,1.0033
300667.SZ,20200910,2.2664
300668.SZ,20200910,2.5865
300669.SZ,20200910,1.3298
300670.SZ,20200910,2.7161
300671.SZ,20200910,1.3999
300672.SZ,20200910,1.6044
300673.SZ,20200910,1.8413
300674.SZ,20200910,1.0106
300675.SZ,20200910,1.0122
300676.SZ,20200910,1.0078
300677.SZ,20200910,2.0281
300679.SZ,20200910,2.3817
300680.SZ,20200910,1.8256
300681.SZ,20200910,1.0135
300682.SZ,20200910,1.5154
300683.SZ,20200910,1.0162
300684.SZ,20200910,2.948
300685.SZ,20200910,2.7231
300686.SZ,20200910,1.611
300687.SZ,20200910,2.7387
300688.SZ,20200910,1.4105
300689.SZ,20200910,1.0113
300690.SZ,20200910,1.7171
300691.SZ,20200910,2.6298
300692.SZ,20200910,1.5125
300693.SZ,20200910,1.5318
300694.SZ,20200910,1.0096
300695.SZ,20200910,1.0807
300696.SZ,20200910,2.5909
300697.SZ,20200910,1.3522
300698.SZ,20200910,1.0014
300699.SZ,20200910,1.434
300700.SZ,20200910,1.0084
300701.SZ,20200910,1.5351
300702.SZ,20200910,1.5099
300703.SZ,20200910,2.3856
300705.SZ,20200910,2.02
300706.SZ,20200910,1.8051
300707.SZ,20200910,2.0204
300708.SZ,20200910,1.0057
300709.SZ,20200910,1.3191
300710.SZ,20200910,1.0093
300711.SZ,20200910,1.4496
300712.SZ,20200910,1.3247
300713.SZ,20200910,2.7043
300715.SZ,20200910,2.0282
300716.SZ,20200910,1.5208
300717.SZ,20200910,1.6365
300718.SZ,20200910,2.057
300719.SZ,20200910,1.5681
300720.SZ,20200910,1.5467
300721.SZ,20200910,1.0165
300722.SZ,20200910,1.8742
300723.SZ,20200910,1.0129
300724.SZ,20200910,1.0085
300725.SZ,20200910,1.9616
300726.SZ,20200910,1.0261
300727.SZ,20200910,1.3301
300729.SZ,20200910,1.0285
300730.SZ,20200910,1.7167
300731.SZ,20200910,1.423
300732.SZ,20200910,3.1169
300733.SZ,20200910,1.0272
300735.SZ,20200910,1.8855
300736.SZ,20200910,2.4655
300737.SZ,20200910,1.0088
300738.SZ,20200910,3.0805
300739.SZ,20200910,2.3238
300740.SZ,20200910,2.5696
300741.SZ,20200910,1.171
300742.SZ,20200910,1.0
300743.SZ,20200910,1.5367
300745.SZ,20200910,1.0051
300746.SZ,20200910,1.0167
300747.SZ,20200910,2.2615
300748.SZ,20200910,1.0076
300749.SZ,20200910,1.8223
300750.SZ,20200910,1.0034
300751.SZ,20200910,1.0091
300752.SZ,20200910,1.6416
300753.SZ,20200910,1.3249
300755.SZ,20200910,1.8212
300756.SZ,20200910,2.576
300757.SZ,20200910,1.314
300758.SZ,20200910,1.8612
300759.SZ,20200910,1.0045
300760.SZ,20200910,1.0125
300761.SZ,20200910,1.0469
300762.SZ,20200910,1.6021
300763.SZ,20200910,1.7448
300765.SZ,20200910,2.1062
300766.SZ,20200910,1.0017
300767.SZ,20200910,1.8036
300768.SZ,20200910,1.0029
300769.SZ,20200910,1.8227
300770.SZ,20200910,1.8075
300771.SZ,20200910,1.6182
300772.SZ,20200910,1.0117
300773.SZ,20200910,2.0571
300775.SZ,20200910,1.0076
300776.SZ,20200910,1.6121
300777.SZ,20200910,1.0023
300778.SZ,20200910,1.2698
300779.SZ,20200910,1.0108
300780.SZ,20200910,1.0057
300781.SZ,20200910,1.0185
300782.SZ,20200910,1.8074
300783.SZ,20200910,1.0031
300785.SZ,20200910,1.4992
300786.SZ,20200910,1.6093
300787.SZ,20200910,1.5131
300788.SZ,20200910,1.0084
300789.SZ,20200910,1.0061
300790.SZ,20200910,1.8169
300791.SZ,20200910,1.5072
300792.SZ,20200910,1.8048
300793.SZ,20200910,1.613
300795.SZ,20200910,1.0437
300796.SZ,20200910,1.0039
300797.SZ,20200910,1.0017
300798.SZ,20200910,1.0035
300799.SZ,20200910,1.5032
300800.SZ,20200910,2.0136
300801.SZ,20200910,1.8186
300802.SZ,20200910,1.606
300803.SZ,20200910,1.0018
300805.SZ,20200910,1.0041
300806.SZ,20200910,1.0027
300807.SZ,20200910,1.0178
300808.SZ,20200910,1.0035
300809.SZ,20200910,1.009
300810.SZ,20200910,1.0018
300811.SZ,20200910,1.0048
300812.SZ,20200910,1.0095
300813.SZ,20200910,1.0086
300815.SZ,20200910,1.0018
300816.SZ,20200910,1.0026
300817.SZ,20200910,1.2086
300818.SZ,20200910,1.006
300819.SZ,20200910,1.0
300820.SZ,20200910,1.509
300821.SZ,20200910,1.0255
300822.SZ,20200910,1.0094
300823.SZ,20200910,1.0069
300824.SZ,20200910,1.0
300825.SZ,20200910,1.0
300826.SZ,20200910,1.0
300827.SZ,20200910,1.0
300828.SZ,20200910,1.0083
300829.SZ,20200910,1.0
300830.SZ,20200910,1.0
300831.SZ,20200910,1.0015
300832.SZ,20200910,1.0
300833.SZ,20200910,1.0
300835.SZ,20200910,1.0
300836.SZ,20200910,1.0
300837.SZ,20200910,1.0
300838.SZ,20200910,1.0
300839.SZ,20200910,1.0
300840.SZ,20200910,1.0
300841.SZ,20200910,1.0
300842.SZ,20200910,1.0
300843.SZ,20200910,1.0
300845.SZ,20200910,1.0
300846.SZ,20200910,1.0
300847.SZ,20200910,1.0
300848.SZ,20200910,1.0
300849.SZ,20200910,1.0
300850.SZ,20200910,1.0
300851.SZ,20200910,1.0
300852.SZ,20200910,1.0
300853.SZ,20200910,1.0
300855.SZ,20200910,1.0
300856.SZ,20200910,1.0
300857.SZ,20200910,1.0
300858.SZ,20200910,1.0
300859.SZ,20200910,1.0
300860.SZ,20200910,1.0
300861.SZ,20200910,1.0
300862.SZ,20200910,1.0
300863.SZ,20200910,1.0
300864.SZ,20200910,1.0
300865.SZ,20200910,1.0
300866.SZ,20200910,1.0
300867.SZ,20200910,1.0
300868.SZ,20200910,1.0
300869.SZ,20200910,1.0
300870.SZ,20200910,1.0
300871.SZ,20200910,1.0
300872.SZ,20200910,1.0
300873.SZ,20200910,1.0
300875.SZ,20200910,1.0
300876.SZ,20200910,1.0
300877.SZ,20200910,1.0
300878.SZ,20200910,1.0
300879.SZ,20200910,1.0
300880.SZ,20200910,1.0
300881.SZ,20200910,1.0
600000.SH,20200910,13.4058
600004.SH,20200910,2.6067
600006.SH,20200910,3.6673
600007.SH,20200910,1.8
600008.SH,20200910,7.7978
600009.SH,20200910,3.0711
600010.SH,20200910,8.3327
600011.SH,20200910,4.7767
600012.SH,20200910,2.3449
600015.SH,20200910,4.5504
600016.SH,20200910,27.386
600017.SH,20200910,3.2911
600018.SH,20200910,1.4386
600019.SH,20200910,2.5965
600020.SH,20200910,4.1219
600021.SH,20200910,2.2018
600022.SH,20200910,5.5505
600023.SH,20200910,1.7084
600025.SH,20200910,1.0986
600026.SH,20200910,1.7038
600027.SH,20200910,1.7973
600028.SH,20200910,3.2456
600029.SH,20200910,1.7008
600030.SH,20200910,5.5686
600031.SH,20200910,48.2403
600033.SH,20200910,7.192
600035.SH,20200910,3.0599
600036.SH,20200910,5.0604
600037.SH,20200910,5.4899
600038.SH,20200910,3.0423
600039.SH,20200910,7.8802
600048.SH,20200910,21.6179
600050.SH,20200910,1.5903
600051.SH,20200910,4.6398
600052.SH,20200910,3.4825
600053.SH,20200910,2.2567
600054.SH,20200910,4.4322
600055.SH,20200910,14.5938
600056.SH,20200910,9.4228
600057.SH,20200910,9.9483
600058.SH,20200910,4.7626
600059.SH,20200910,8.3066
600060.SH,20200910,5.8369
600061.SH,20200910,5.9614
600062.SH,20200910,7.858
600063.SH,20200910,13.5539
600064.SH,20200910,17.6995
600066.SH,20200910,44.5257
600067.SH,20200910,22.067
600068.SH,20200910,6.2879
600070.SH,20200910,9.9572
600071.SH,20200910,5.7485
600072.SH,20200910,4.2063
600073.SH,20200910,3.143
600075.SH,20200910,10.5653
600076.SH,20200910,3.265
600077.SH,20200910,8.3801
600078.SH,20200910,6.651
600079.SH,20200910,13.3706
600080.SH,20200910,5.1578
600081.SH,20200910,9.4899
600082.SH,20200910,5.9807
600083.SH,20200910,1.0
600084.SH,20200910,7.1864
600085.SH,20200910,11.4301
600086.SH,20200910,9.6393
600088.SH,20200910,3.6069
600089.SH,20200910,38.7689
600090.SH,20200910,5.0677
600091.SH,20200910,2.5753
600093.SH,20200910,3.3164
600094.SH,20200910,2.741
600095.SH,20200910,3.3403
600096.SH,20200910,2.467
600097.SH,20200910,1.4687
600098.SH,20200910,5.4326
600099.SH,20200910,2.7503
600100.SH,20200910,21.2685
600101.SH,20200910,7.2117
600103.SH,20200910,5.3518
600104.SH,20200910,9.732
600105.SH,20200910,11.6165
600106.SH,20200910,7.9764
600107.SH,20200910,2.5889
600108.SH,20200910,9.7245
600109.SH,20200910,8.6525
600110.SH,20200910,14.0902
600111.SH,20200910,19.6269
600112.SH,20200910,4.0336
600113.SH,20200910,4.6657
600114.SH,20200910,6.4312
600115.SH,20200910,1.3869
600116.SH,20200910,6.1874
600117.SH,20200910,2.7497
600118.SH,20200910,16.7508
600119.SH,20200910,2.9449
600120.SH,20200910,59.5481
600121.SH,20200910,4.9459
600122.SH,20200910,5.8927
600123.SH,20200910,7.9668
600125.SH,20200910,16.5523
600126.SH,20200910,5.2658
600127.SH,20200910,5.0872
600128.SH,20200910,2.9928
600129.SH,20200910,3.1248
600130.SH,20200910,6.0305
600131.SH,20200910,5.1864
600132.SH,20200910,5.5191
600133.SH,20200910,4.1464
600135.SH,20200910,2.8785
600136.SH,20200910,2.4918
600137.SH,20200910,1.5282
600138.SH,20200910,5.3516
600139.SH,20200910,8.9585
600141.SH,20200910,3.3392
600143.SH,20200910,19.4716
600145.SH,20200910,10.0419
600146.SH,20200910,1.32
600148.SH,20200910,2.8036
600149.SH,20200910,2.8892
600150.SH,20200910,3.2997
600151.SH,20200910,4.769
600152.SH,20200910,3.0645
600153.SH,20200910,16.1821
600155.SH,20200910,2.9043
600156.SH,20200910,1.8974
600157.SH,20200910,50.7587
600158.SH,20200910,6.4882
600159.SH,20200910,5.0253
600160.SH,20200910,10.6894
600161.SH,20200910,13.0924
600162.SH,20200910,7.7413
600163.SH,20200910,2.3509
600165.SH,20200910,4.9716
600166.SH,20200910,26.2167
600167.SH,20200910,3.7016
600168.SH,20200910,2.2037
600169.SH,20200910,10.1444
600170.SH,20200910,15.5482
600171.SH,20200910,2.7583
600172.SH,20200910,9.3446
600173.SH,20200910,2.2817
600176.SH,20200910,14.8838
600177.SH,20200910,37.7693
600178.SH,20200910,2.108
600179.SH,20200910,2.261
600180.SH,20200910,2.8563
600182.SH,20200910,1.1781
600183.SH,20200910,12.0025
600184.SH,20200910,3.2577
600185.SH,20200910,7.1803
600186.SH,20200910,5.4455
600187.SH,20200910,4.5578
600188.SH,20200910,3.3723
600189.SH,20200910,2.7439
600190.SH,20200910,2.6871
600191.SH,20200910,2.5498
600192.SH,20200910,1.7807
600193.SH,20200910,6.6987
600195.SH,20200910,6.2409
600196.SH,20200910,14.0074
600197.SH,20200910,3.8646
600198.SH,20200910,1.8142
600199.SH,20200910,4.7196
600200.SH,20200910,11.0859
600201.SH,20200910,15.4247
600202.SH,20200910,4.9606
600203.SH,20200910,1.6855
600206.SH,20200910,4.1588
600207.SH,20200910,1.5547
600208.SH,20200910,6.8373
600209.SH,20200910,3.5074
600210.SH,20200910,7.9985
600211.SH,20200910,2.2596
600212.SH,20200910,2.7184
600213.SH,20200910,1.571
600215.SH,20200910,2.195
600216.SH,20200910,6.083
600217.SH,20200910,4.5178
600218.SH,20200910,2.0384
600219.SH,20200910,7.1207
600220.SH,20200910,8.5462
600221.SH,20200910,3.21
600222.SH,20200910,4.0733
600223.SH,20200910,1.8619
600225.SH,20200910,2.6827
600226.SH,20200910,28.6126
600227.SH,20200910,5.7499
600228.SH,20200910,2.1686
600229.SH,20200910,1.5021
600230.SH,20200910,2.1789
600231.SH,20200910,8.6538
600232.SH,20200910,2.8188
600233.SH,20200910,5.0613
600234.SH,20200910,2.353
600235.SH,20200910,2.2003
600236.SH,20200910,7.0776
600237.SH,20200910,4.2032
600238.SH,20200910,4.0117
600239.SH,20200910,19.1734
600241.SH,20200910,2.5117
600242.SH,20200910,1.0879
600243.SH,20200910,1.5966
600246.SH,20200910,12.4626
600247.SH,20200910,4.6782
600248.SH,20200910,3.7998
600249.SH,20200910,4.4187
600250.SH,20200910,2.7104
600251.SH,20200910,8.5284
600252.SH,20200910,37.6095
600255.SH,20200910,13.5977
600256.SH,20200910,42.5805
600257.SH,20200910,6.5443
600258.SH,20200910,2.4624
600259.SH,20200910,1.0514
600260.SH,20200910,6.1507
600261.SH,20200910,19.309
600262.SH,20200910,1.5014
600265.SH,20200910,1.6592
600266.SH,20200910,6.1976
600267.SH,20200910,6.8455
600268.SH,20200910,7.1808
600269.SH,20200910,11.7326
600271.SH,20200910,19.2731
600272.SH,20200910,1.2752
600273.SH,20200910,1.6198
600275.SH,20200910,2.7557
600276.SH,20200910,53.3558
600277.SH,20200910,4.2035
600278.SH,20200910,2.1398
600279.SH,20200910,2.444
600280.SH,20200910,11.4729
600281.SH,20200910,1.9332
600282.SH,20200910,6.3898
600283.SH,20200910,1.6241
600284.SH,20200910,3.4008
600285.SH,20200910,7.1227
600287.SH,20200910,5.0723
600288.SH,20200910,4.56
600289.SH,20200910,7.3654
600290.SH,20200910,5.0302
600291.SH,20200910,3.2341
600292.SH,20200910,4.2529
600293.SH,20200910,3.3233
600295.SH,20200910,3.2463
600297.SH,20200910,6.5553
600298.SH,20200910,8.1144
600299.SH,20200910,2.9948
600300.SH,20200910,7.1721
600301.SH,20200910,1.7644
600302.SH,20200910,2.9726
600303.SH,20200910,6.5722
600305.SH,20200910,9.788
600306.SH,20200910,1.7187
600307.SH,20200910,4.2289
600308.SH,20200910,7.2266
600309.SH,20200910,37.9882
600310.SH,20200910,8.424
600311.SH,20200910,4.4991
600312.SH,20200910,6.5868
600313.SH,20200910,4.1966
600315.SH,20200910,5.4967
600316.SH,20200910,4.3652
600317.SH,20200910,11.4124
600318.SH,20200910,3.1811
600319.SH,20200910,1.4714
600320.SH,20200910,13.6107
600321.SH,20200910,7.7847
600322.SH,20200910,3.1504
600323.SH,20200910,3.6904
600325.SH,20200910,9.0812
600326.SH,20200910,8.0453
600327.SH,20200910,13.5665
600328.SH,20200910,3.049
600329.SH,20200910,3.1533
600330.SH,20200910,4.9069
600331.SH,20200910,9.0005
600332.SH,20200910,1.5119
600333.SH,20200910,2.6308
600335.SH,20200910,5.4212
600336.SH,20200910,3.0914
600337.SH,20200910,13.8811
600338.SH,20200910,1.8412
600339.SH,20200910,4.0871
600340.SH,20200910,24.4378
600343.SH,20200910,3.0642
600345.SH,20200910,1.9773
600346.SH,20200910,9.9547
600348.SH,20200910,9.1173
600350.SH,20200910,2.3412
600351.SH,20200910,7.341
600352.SH,20200910,18.6139
600353.SH,20200910,7.518
600354.SH,20200910,2.9835
600355.SH,20200910,5.819
600356.SH,20200910,2.0672
600358.SH,20200910,3.5266
600359.SH,20200910,1.5828
600360.SH,20200910,7.785
600361.SH,20200910,5.3628
600362.SH,20200910,1.609
600363.SH,20200910,3.2419
600365.SH,20200910,2.6352
600366.SH,20200910,11.7867
600367.SH,20200910,4.3457
600368.SH,20200910,3.3957
600369.SH,20200910,4.7581
600370.SH,20200910,6.5201
600371.SH,20200910,3.9588
600372.SH,20200910,3.01
600373.SH,20200910,4.4063
600375.SH,20200910,3.7481
600376.SH,20200910,9.4522
600377.SH,20200910,2.8939
600378.SH,20200910,3.6592
600379.SH,20200910,2.7429
600380.SH,20200910,11.1586
600381.SH,20200910,1.0192
600382.SH,20200910,5.1714
600383.SH,20200910,16.4146
600385.SH,20200910,2.42
600386.SH,20200910,5.6602
600387.SH,20200910,2.8598
600388.SH,20200910,8.5654
600389.SH,20200910,3.1741
600390.SH,20200910,5.8146
600391.SH,20200910,2.3499
600392.SH,20200910,9.8668
600393.SH,20200910,9.0749
600395.SH,20200910,5.2678
600396.SH,20200910,6.566
600397.SH,20200910,3.9852
600398.SH,20200910,8.3284
600399.SH,20200910,3.4408
600400.SH,20200910,12.3197
600403.SH,20200910,5.2945
600405.SH,20200910,7.1012
600406.SH,20200910,27.4088
600408.SH,20200910,4.214
600409.SH,20200910,6.7398
600410.SH,20200910,12.6326
600415.SH,20200910,40.7721
600416.SH,20200910,3.4279
600418.SH,20200910,6.3166
600419.SH,20200910,3.2011
600420.SH,20200910,9.149
600421.SH,20200910,1.921
600422.SH,20200910,10.0309
600423.SH,20200910,3.6363
600425.SH,20200910,5.8992
600426.SH,20200910,9.0105
600428.SH,20200910,6.3243
600429.SH,20200910,1.4457
600435.SH,20200910,13.4568
600436.SH,20200910,6.5401
600438.SH,20200910,10.9245
600439.SH,20200910,15.8442
600444.SH,20200910,2.0492
600446.SH,20200910,16.4314
600448.SH,20200910,2.1854
600449.SH,20200910,3.8375
600452.SH,20200910,4.4208
600455.SH,20200910,1.13
600456.SH,20200910,2.6422
600458.SH,20200910,8.052
600459.SH,20200910,4.0308
600460.SH,20200910,14.8706
600461.SH,20200910,4.4274
600462.SH,20200910,4.5185
600463.SH,20200910,2.9295
600466.SH,20200910,6.7512
600467.SH,20200910,9.0626
600468.SH,20200910,12.1615
600469.SH,20200910,2.6573
600470.SH,20200910,2.4364
600475.SH,20200910,2.5714
600476.SH,20200910,2.0532
600477.SH,20200910,31.1132
600478.SH,20200910,10.226
600479.SH,20200910,12.4604
600480.SH,20200910,2.9478
600481.SH,20200910,9.7441
600482.SH,20200910,2.8923
600483.SH,20200910,2.617
600486.SH,20200910,3.8003
600487.SH,20200910,10.5815
600488.SH,20200910,7.1079
600489.SH,20200910,11.7577
600490.SH,20200910,13.9735
600491.SH,20200910,10.7633
600493.SH,20200910,2.5894
600495.SH,20200910,7.5138
600496.SH,20200910,9.8927
600497.SH,20200910,21.4791
600498.SH,20200910,3.6607
600499.SH,20200910,29.4057
600500.SH,20200910,8.6205
600501.SH,20200910,4.7274
600502.SH,20200910,12.8162
600503.SH,20200910,3.0246
600505.SH,20200910,3.3147
600506.SH,20200910,1.3265
600507.SH,20200910,18.7528
600508.SH,20200910,3.3395
600509.SH,20200910,6.2488
600510.SH,20200910,5.7635
600511.SH,20200910,5.5591
600512.SH,20200910,6.3782
600513.SH,20200910,6.3276
600515.SH,20200910,2.2162
600516.SH,20200910,12.5576
600517.SH,20200910,21.0678
600518.SH,20200910,45.1419
600519.SH,20200910,7.404
600520.SH,20200910,2.3416
600521.SH,20200910,18.2662
600522.SH,20200910,8.4896
600523.SH,20200910,2.0446
600525.SH,20200910,12.7057
600526.SH,20200910,3.9016
600527.SH,20200910,24.7443
600528.SH,20200910,4.4857
600529.SH,20200910,7.9691
600530.SH,20200910,6.3962
600531.SH,20200910,10.4124
600532.SH,20200910,2.3386
600533.SH,20200910,8.996
600535.SH,20200910,11.6528
600536.SH,20200910,5.2991
600537.SH,20200910,4.4351
600539.SH,20200910,1.2139
600540.SH,20200910,3.4525
600543.SH,20200910,2.4646
600545.SH,20200910,4.2529
600546.SH,20200910,8.1408
600547.SH,20200910,21.8697
600548.SH,20200910,2.4249
600549.SH,20200910,13.2338
600550.SH,20200910,7.6356
600551.SH,20200910,3.6813
600552.SH,20200910,8.1722
600555.SH,20200910,4.2856
600556.SH,20200910,4.8842
600557.SH,20200910,8.8171
600558.SH,20200910,6.9986
600559.SH,20200910,6.8959
600560.SH,20200910,4.5558
600561.SH,20200910,2.7865
600562.SH,20200910,7.0691
600563.SH,20200910,2.8148
600565.SH,20200910,11.9093
600566.SH,20200910,2.1556
600567.SH,20200910,3.9762
600568.SH,20200910,12.7193
600569.SH,20200910,2.6377
600570.SH,20200910,24.4293
600571.SH,20200910,10.666
600572.SH,20200910,15.1363
600573.SH,20200910,1.3161
600575.SH,20200910,18.4017
600576.SH,20200910,3.1496
600577.SH,20200910,23.6374
600578.SH,20200910,5.4598
600579.SH,20200910,1.8826
600580.SH,20200910,7.2032
600581.SH,20200910,6.6166
600582.SH,20200910,38.0114
600583.SH,20200910,19.9486
600584.SH,20200910,4.7833
600585.SH,20200910,4.7508
600586.SH,20200910,13.0361
600587.SH,20200910,5.5503
600588.SH,20200910,55.2167
600589.SH,20200910,4.2751
600590.SH,20200910,4.4313
600592.SH,20200910,3.3527
600593.SH,20200910,1.9206
600594.SH,20200910,16.5319
600595.SH,20200910,7.9974
600596.SH,20200910,8.053
600597.SH,20200910,2.4733
600598.SH,20200910,2.4982
600599.SH,20200910,2.205
600600.SH,20200910,1.6878
600601.SH,20200910,5817.3854
600602.SH,20200910,530.1357
600603.SH,20200910,173.2791
600604.SH,20200910,52.545
600605.SH,20200910,35.2622
600606.SH,20200910,135.7758
600608.SH,20200910,96.5391
600609.SH,20200910,25.9265
600610.SH,20200910,79.3496
600611.SH,20200910,697.8802
600612.SH,20200910,129.2515
600613.SH,20200910,27.7755
600615.SH,20200910,54.7971
600616.SH,20200910,376.9586
600617.SH,20200910,42.891
600618.SH,20200910,25.2056
600619.SH,20200910,55.1592
600620.SH,20200910,423.6052
600621.SH,20200910,290.4032
600622.SH,20200910,227.3922
600623.SH,20200910,28.6863
600624.SH,20200910,17.6672
600626.SH,20200910,10.6888
600628.SH,20200910,47.6439
600629.SH,20200910,5.6065
600630.SH,20200910,3.1992
600633.SH,20200910,7.7698
600634.SH,20200910,8.7831
600635.SH,20200910,142.6549
600636.SH,20200910,13.2627
600637.SH,20200910,4.8298
600638.SH,20200910,15.1217
600639.SH,20200910,6.1555
600640.SH,20200910,8.4956
600641.SH,20200910,20.621
600642.SH,20200910,9.363
600643.SH,20200910,7.6806
600644.SH,20200910,11.6177
600645.SH,20200910,18.1391
600647.SH,20200910,16.0246
600648.SH,20200910,6.7557
600649.SH,20200910,14.5784
600650.SH,20200910,4.3087
600651.SH,20200910,5951.0857
600652.SH,20200910,5440.2222
600653.SH,20200910,10055.6401
600654.SH,20200910,1506.9637
600655.SH,20200910,209.4499
600657.SH,20200910,16.5121
600658.SH,20200910,6.5371
600660.SH,20200910,80.6821
600661.SH,20200910,5.1103
600662.SH,20200910,58.638
600663.SH,20200910,12.669
600664.SH,20200910,10.0075
600665.SH,20200910,4.3891
600666.SH,20200910,11.3273
600667.SH,20200910,5.0347
600668.SH,20200910,6.5193
600671.SH,20200910,3.2685
600673.SH,20200910,13.6925
600674.SH,20200910,19.842
600675.SH,20200910,40.3998
600676.SH,20200910,13.818
600678.SH,20200910,4.2225
600679.SH,20200910,2.5035
600681.SH,20200910,8.7738
600682.SH,20200910,12.6506
600683.SH,20200910,6.4377
600684.SH,20200910,15.1672
600685.SH,20200910,2.0187
600686.SH,20200910,13.0167
600687.SH,20200910,10.814
600688.SH,20200910,3.8247
600689.SH,20200910,2.5516
600690.SH,20200910,37.7254
600691.SH,20200910,9.4577
600692.SH,20200910,8.3739
600693.SH,20200910,10.5085
600694.SH,20200910,4.8724
600695.SH,20200910,2.321
600696.SH,20200910,3.3039
600697.SH,20200910,2.9047
600698.SH,20200910,5.2219
600699.SH,20200910,4.0723
600702.SH,20200910,3.4607
600703.SH,20200910,21.3316
600704.SH,20200910,19.5572
600705.SH,20200910,49.9963
600706.SH,20200910,2.3736
600707.SH,20200910,2.2726
600708.SH,20200910,12.5121
600710.SH,20200910,6.095
600711.SH,20200910,9.9595
600712.SH,20200910,6.357
600713.SH,20200910,10.6948
600714.SH,20200910,2.6234
600715.SH,20200910,3.8878
600716.SH,20200910,4.7481
600717.SH,20200910,26.1267
600718.SH,20200910,17.0295
600719.SH,20200910,5.4707
600720.SH,20200910,11.5426
600721.SH,20200910,1.4522
600722.SH,20200910,5.8921
600723.SH,20200910,3.1297
600724.SH,20200910,12.3262
600725.SH,20200910,8.235
600726.SH,20200910,3.5972
600727.SH,20200910,5.2747
600728.SH,20200910,12.863
600729.SH,20200910,3.1717
600730.SH,20200910,5.5386
600731.SH,20200910,6.4092
600732.SH,20200910,4.8628
600733.SH,20200910,9.3596
600734.SH,20200910,3.6591
600735.SH,20200910,5.475
600736.SH,20200910,27.3269
600737.SH,20200910,11.3946
600738.SH,20200910,7.4634
600739.SH,20200910,30.6262
600740.SH,20200910,10.0277
600741.SH,20200910,46.4847
600742.SH,20200910,18.7248
600743.SH,20200910,12.8219
600744.SH,20200910,4.1062
600745.SH,20200910,2.1312
600746.SH,20200910,7.3525
600748.SH,20200910,6.3076
600749.SH,20200910,3.1273
600750.SH,20200910,16.0616
600751.SH,20200910,4.6211
600753.SH,20200910,3.1445
600754.SH,20200910,3.0736
600755.SH,20200910,21.0994
600756.SH,20200910,5.2242
600757.SH,20200910,6.7843
600758.SH,20200910,2.7853
600759.SH,20200910,4.4654
600760.SH,20200910,4.9277
600761.SH,20200910,12.3669
600763.SH,20200910,2.4151
600764.SH,20200910,8.1544
600765.SH,20200910,9.0472
600766.SH,20200910,4.2253
600767.SH,20200910,3.7742
600768.SH,20200910,3.3395
600769.SH,20200910,5.58
600770.SH,20200910,21.0022
600771.SH,20200910,7.4457
600773.SH,20200910,6.2259
600774.SH,20200910,6.3963
600775.SH,20200910,1.4593
600776.SH,20200910,4.748
600777.SH,20200910,30.5155
600778.SH,20200910,3.7658
600779.SH,20200910,6.6504
600780.SH,20200910,11.2463
600781.SH,20200910,2.1401
600782.SH,20200910,11.4089
600783.SH,20200910,6.1168
600784.SH,20200910,7.1803
600785.SH,20200910,4.6641
600787.SH,20200910,30.5034
600789.SH,20200910,2.7885
600790.SH,20200910,11.6261
600791.SH,20200910,7.3258
600792.SH,20200910,6.7557
600793.SH,20200910,2.4259
600794.SH,20200910,20.6122
600795.SH,20200910,266.4103
600796.SH,20200910,8.5192
600797.SH,20200910,12.559
600798.SH,20200910,8.1198
600800.SH,20200910,9.9044
600801.SH,20200910,9.6897
600802.SH,20200910,3.386
600803.SH,20200910,6.3349
600804.SH,20200910,8.0585
600805.SH,20200910,14.3978
600807.SH,20200910,6.536
600808.SH,20200910,2.1981
600809.SH,20200910,4.4247
600810.SH,20200910,4.2871
600811.SH,20200910,15.6239
600812.SH,20200910,3.9819
600814.SH,20200910,6.1313
600815.SH,20200910,6.3647
600816.SH,20200910,30.9637
600817.SH,20200910,4.4653
600818.SH,20200910,2.1493
600819.SH,20200910,3.3946
600820.SH,20200910,18.913
600821.SH,20200910,4.4615
600822.SH,20200910,2.7279
600823.SH,20200910,35.8677
600824.SH,20200910,26.2709
600825.SH,20200910,12.688
600826.SH,20200910,4.9986
600827.SH,20200910,8.5332
600828.SH,20200910,10.9857
600829.SH,20200910,9.4778
600830.SH,20200910,9.9211
600831.SH,20200910,6.3966
600833.SH,20200910,7.3835
600834.SH,20200910,3.9346
600835.SH,20200910,5.0847
600836.SH,20200910,13.65
600837.SH,20200910,22.5101
600838.SH,20200910,9.1139
600839.SH,20200910,27.9723
600841.SH,20200910,2.8688
600843.SH,20200910,2.8051
600844.SH,20200910,6.9355
600845.SH,20200910,5.7293
600846.SH,20200910,15.7554
600847.SH,20200910,1.8623
600848.SH,20200910,2.2862
600850.SH,20200910,7.0102
600851.SH,20200910,11.853
600853.SH,20200910,2.6217
600854.SH,20200910,6.1311
600855.SH,20200910,1.6187
600856.SH,20200910,5.6157
600857.SH,20200910,5.7063
600858.SH,20200910,6.9491
600859.SH,20200910,4.5583
600860.SH,20200910,1.6615
600861.SH,20200910,2.4247
600862.SH,20200910,7.2553
600863.SH,20200910,18.4561
600864.SH,20200910,10.4576
600865.SH,20200910,4.9896
600866.SH,20200910,14.6242
600867.SH,20200910,33.8446
600868.SH,20200910,28.0632
600869.SH,20200910,10.6935
600870.SH,20200910,8.2693
600871.SH,20200910,2.4641
600872.SH,20200910,11.0728
600873.SH,20200910,7.0472
600874.SH,20200910,1.6942
600875.SH,20200910,3.08
600876.SH,20200910,1.427
600877.SH,20200910,4.641
600879.SH,20200910,36.5563
600880.SH,20200910,29.2825
600881.SH,20200910,46.9152
600882.SH,20200910,2.3786
600883.SH,20200910,4.7057
600884.SH,20200910,27.2862
600885.SH,20200910,3.9637
600886.SH,20200910,48.2573
600887.SH,20200910,75.7518
600888.SH,20200910,11.1009
600889.SH,20200910,4.6298
600890.SH,20200910,5.544
600892.SH,20200910,6.3227
600893.SH,20200910,3.2986
600894.SH,20200910,3.3896
600895.SH,20200910,19.8472
600896.SH,20200910,4.9376
600897.SH,20200910,5.0729
600898.SH,20200910,2.708
600900.SH,20200910,3.1915
600901.SH,20200910,1.0937
600903.SH,20200910,1.4132
600908.SH,20200910,1.1071
600909.SH,20200910,1.0393
600917.SH,20200910,1.079
600918.SH,20200910,1.0
600919.SH,20200910,1.1551
600926.SH,20200910,2.1738
600928.SH,20200910,1.0553
600929.SH,20200910,1.0125
600933.SH,20200910,1.0687
600936.SH,20200910,1.0256
600939.SH,20200910,1.046
600956.SH,20200910,1.0
600958.SH,20200910,1.0911
600959.SH,20200910,1.3623
600960.SH,20200910,4.4236
600961.SH,20200910,1.5044
600962.SH,20200910,1.8926
600963.SH,20200910,4.4606
600965.SH,20200910,2.0935
600966.SH,20200910,6.9568
600967.SH,20200910,5.1936
600968.SH,20200910,1.0148
600969.SH,20200910,2.0543
600970.SH,20200910,13.1288
600971.SH,20200910,9.4735
600973.SH,20200910,8.7279
600975.SH,20200910,7.2585
600976.SH,20200910,2.9265
600977.SH,20200910,1.0786
600978.SH,20200910,5.0417
600979.SH,20200910,5.415
600980.SH,20200910,1.7854
600981.SH,20200910,4.933
600982.SH,20200910,4.0321
600983.SH,20200910,2.4841
600984.SH,20200910,1.9023
600985.SH,20200910,3.7037
600986.SH,20200910,5.8141
600987.SH,20200910,6.2088
600988.SH,20200910,5.4583
600989.SH,20200910,1.0601
600990.SH,20200910,2.7927
600992.SH,20200910,1.5573
600993.SH,20200910,11.6118
600995.SH,20200910,8.8879
600996.SH,20200910,1.0501
600997.SH,20200910,4.0316
600998.SH,20200910,1.0382
600999.SH,20200910,1.9028
601000.SH,20200910,5.0778
601001.SH,20200910,2.1462
601002.SH,20200910,1.0858
601003.SH,20200910,5.1161
601005.SH,20200910,1.0505
601006.SH,20200910,1.9086
601007.SH,20200910,1.1143
601008.SH,20200910,1.6574
601009.SH,20200910,5.3745
601010.SH,20200910,4.5668
601011.SH,20200910,2.6068
601012.SH,20200910,9.7292
601015.SH,20200910,2.0547
601016.SH,20200910,2.1357
601018.SH,20200910,1.2284
601019.SH,20200910,1.1219
601020.SH,20200910,1.0286
601021.SH,20200910,2.0522
601028.SH,20200910,2.3879
601038.SH,20200910,1.0381
601058.SH,20200910,5.0845
601066.SH,20200910,1.0343
601068.SH,20200910,1.0046
601069.SH,20200910,1.0072
601077.SH,20200910,1.0481
601086.SH,20200910,1.0735
601088.SH,20200910,1.8177
601098.SH,20200910,1.2906
601099.SH,20200910,2.8515
601100.SH,20200910,3.3655
601101.SH,20200910,3.2013
601106.SH,20200910,1.0077
601107.SH,20200910,1.2893
601108.SH,20200910,1.0347
601111.SH,20200910,1.1454
601113.SH,20200910,2.1166
601116.SH,20200910,1.1607
601117.SH,20200910,1.1561
601118.SH,20200910,1.0337
601126.SH,20200910,2.4017
601127.SH,20200910,1.039
601128.SH,20200910,1.096
601137.SH,20200910,2.2027
601138.SH,20200910,1.0246
601139.SH,20200910,2.3288
601155.SH,20200910,1.499
601158.SH,20200910,1.5006
601162.SH,20200910,1.1326
601163.SH,20200910,1.0774
601166.SH,20200910,4.3131
601168.SH,20200910,1.137
601169.SH,20200910,3.6223
601177.SH,20200910,1.0258
601179.SH,20200910,1.1228
601186.SH,20200910,1.2472
601188.SH,20200910,1.1949
601198.SH,20200910,1.0602
601199.SH,20200910,4.5268
601200.SH,20200910,1.3212
601208.SH,20200910,2.2639
601211.SH,20200910,1.127
601212.SH,20200910,1.0037
601216.SH,20200910,14.2817
601218.SH,20200910,2.2272
601222.SH,20200910,4.8221
601225.SH,20200910,1.1931
601226.SH,20200910,1.5419
601228.SH,20200910,1.0288
601229.SH,20200910,2.6997
601231.SH,20200910,2.1667
601233.SH,20200910,3.0934
601236.SH,20200910,1.0048
601238.SH,20200910,1.6769
601258.SH,20200910,5.163
601288.SH,20200910,1.646
601298.SH,20200910,1.0765
601311.SH,20200910,2.8921
601318.SH,20200910,2.4488
601319.SH,20200910,1.022
601326.SH,20200910,1.0846
601328.SH,20200910,1.9576
601330.SH,20200910,1.0169
601333.SH,20200910,1.3433
601336.SH,20200910,1.0969
601339.SH,20200910,2.366
601360.SH,20200910,2.029
601366.SH,20200910,1.0886
601368.SH,20200910,1.0777
601369.SH,20200910,2.0447
601375.SH,20200910,1.0322
601377.SH,20200910,2.4077
601388.SH,20200910,5.1929
601390.SH,20200910,1.1984
601398.SH,20200910,1.8689
601399.SH,20200910,1.0
601456.SH,20200910,1.0
601500.SH,20200910,1.0363
601512.SH,20200910,1.0189
601515.SH,20200910,3.1543
601518.SH,20200910,1.1414
601519.SH,20200910,2.9109
601555.SH,20200910,1.1881
601566.SH,20200910,1.5666
601567.SH,20200910,5.0211
601577.SH,20200910,1.0675
601579.SH,20200910,1.0468
601588.SH,20200910,1.2506
601595.SH,20200910,1.2592
601598.SH,20200910,1.0625
601599.SH,20200910,3.2662
601600.SH,20200910,1.0195
601601.SH,20200910,1.3324
601606.SH,20200910,1.0055
601607.SH,20200910,9.8027
601608.SH,20200910,1.5816
601609.SH,20200910,1.0068
601611.SH,20200910,1.0292
601615.SH,20200910,1.0125
601616.SH,20200910,2.0193
601618.SH,20200910,1.1631
601619.SH,20200910,1.0238
601628.SH,20200910,1.2262
601633.SH,20200910,3.7376
601636.SH,20200910,3.305
601658.SH,20200910,1.0419
601666.SH,20200910,2.7177
601668.SH,20200910,1.8884
601669.SH,20200910,1.2052
601677.SH,20200910,1.0962
601678.SH,20200910,4.153
601688.SH,20200910,1.1926
601689.SH,20200910,1.5393
601696.SH,20200910,1.0009
601698.SH,20200910,1.0005
601699.SH,20200910,6.0506
601700.SH,20200910,6.0235
601702.SH,20200910,1.0
601717.SH,20200910,2.3691
601718.SH,20200910,1.113
601727.SH,20200910,1.1245
601766.SH,20200910,1.2416
601777.SH,20200910,1.1746
601778.SH,20200910,1.0041
601788.SH,20200910,1.2093
601789.SH,20200910,2.2808
601798.SH,20200910,1.0744
601799.SH,20200910,1.2649
601800.SH,20200910,1.2773
601801.SH,20200910,2.3451
601808.SH,20200910,1.1528
601811.SH,20200910,1.12
601816.SH,20200910,1.0079
601818.SH,20200910,1.5122
601827.SH,20200910,1.0
601828.SH,20200910,1.1745
601838.SH,20200910,1.1177
601857.SH,20200910,1.363
601858.SH,20200910,1.0473
601860.SH,20200910,1.0394
601865.SH,20200910,1.007
601866.SH,20200910,1.0396
601869.SH,20200910,1.0308
601872.SH,20200910,1.2507
601877.SH,20200910,1.8205
601878.SH,20200910,1.0317
601880.SH,20200910,2.6162
601881.SH,20200910,1.0491
601882.SH,20200910,1.019
601886.SH,20200910,2.386
601888.SH,20200910,2.1784
601890.SH,20200910,2.8102
601898.SH,20200910,1.2088
601899.SH,20200910,1.9825
601900.SH,20200910,1.0968
601901.SH,20200910,1.038
601908.SH,20200910,4.3028
601916.SH,20200910,1.05
601918.SH,20200910,1.5265
601919.SH,20200910,1.0429
601928.SH,20200910,1.2292
601929.SH,20200910,2.1847
601933.SH,20200910,9.0829
601939.SH,20200910,1.8498
601949.SH,20200910,1.0587
601952.SH,20200910,1.3884
601958.SH,20200910,1.419
601965.SH,20200910,1.7318
601966.SH,20200910,1.0638
601968.SH,20200910,1.021
601969.SH,20200910,1.008
601975.SH,20200910,1.0
601985.SH,20200910,1.1001
601988.SH,20200910,1.9049
601989.SH,20200910,1.685
601990.SH,20200910,1.2168
601991.SH,20200910,2.642
601992.SH,20200910,2.2597
601996.SH,20200910,4.4305
601997.SH,20200910,1.574
601998.SH,20200910,1.5348
601999.SH,20200910,1.0847
603000.SH,20200910,4.1867
603001.SH,20200910,1.286
603003.SH,20200910,1.0119
603005.SH,20200910,1.4281
603006.SH,20200910,2.057
603007.SH,20200910,2.5643
603008.SH,20200910,1.5768
603009.SH,20200910,2.5788
603010.SH,20200910,3.1982
603011.SH,20200910,2.0909
603012.SH,20200910,2.0579
603013.SH,20200910,1.0564
603015.SH,20200910,2.1069
603016.SH,20200910,1.0757
603017.SH,20200910,4.4574
603018.SH,20200910,5.6664
603019.SH,20200910,3.9712
603020.SH,20200910,2.1586
603021.SH,20200910,2.6653
603022.SH,20200910,2.5397
603023.SH,20200910,6.8421
603025.SH,20200910,2.2841
603026.SH,20200910,1.065
603027.SH,20200910,4.0277
603028.SH,20200910,1.0097
603029.SH,20200910,1.0212
603030.SH,20200910,3.0502
603031.SH,20200910,1.4161
603032.SH,20200910,1.2102
603033.SH,20200910,2.8269
603035.SH,20200910,1.0961
603036.SH,20200910,1.0248
603037.SH,20200910,1.4598
603038.SH,20200910,2.877
603039.SH,20200910,3.0869
603040.SH,20200910,1.7648
603041.SH,20200910,1.4398
603042.SH,20200910,1.0102
603043.SH,20200910,1.0381
603045.SH,20200910,1.4219
603050.SH,20200910,1.2525
603053.SH,20200910,1.015
603055.SH,20200910,1.4611
603056.SH,20200910,1.0243
603058.SH,20200910,1.027
603059.SH,20200910,1.2642
603060.SH,20200910,2.0286
603063.SH,20200910,1.0137
603066.SH,20200910,3.0864
603067.SH,20200910,2.0467
603068.SH,20200910,1.0068
603069.SH,20200910,1.0219
603076.SH,20200910,1.0149
603077.SH,20200910,13.946
603078.SH,20200910,2.3977
603079.SH,20200910,1.986
603080.SH,20200910,1.0102
603081.SH,20200910,1.0272
603083.SH,20200910,2.2249
603085.SH,20200910,2.6333
603086.SH,20200910,1.9981
603087.SH,20200910,1.4034
603088.SH,20200910,2.9456
603089.SH,20200910,2.096
603090.SH,20200910,1.0251
603093.SH,20200910,1.0023
603095.SH,20200910,1.0
603096.SH,20200910,1.0393
603098.SH,20200910,1.258
603099.SH,20200910,1.0254
603100.SH,20200910,1.0883
603101.SH,20200910,1.9877
603103.SH,20200910,1.4388
603105.SH,20200910,1.0081
603106.SH,20200910,1.4389
603108.SH,20200910,5.4982
603109.SH,20200910,1.0075
603110.SH,20200910,1.4637
603111.SH,20200910,2.5762
603113.SH,20200910,1.0453
603115.SH,20200910,1.0367
603116.SH,20200910,1.535
603117.SH,20200910,1.4738
603118.SH,20200910,2.3929
603121.SH,20200910,1.4673
603123.SH,20200910,1.161
603126.SH,20200910,1.5811
603127.SH,20200910,2.7738
603128.SH,20200910,2.7843
603129.SH,20200910,1.0338
603131.SH,20200910,2.8718
603133.SH,20200910,1.0113
603136.SH,20200910,1.4943
603138.SH,20200910,3.0984
603139.SH,20200910,1.021
603155.SH,20200910,1.0
603156.SH,20200910,2.7481
603157.SH,20200910,1.0562
603158.SH,20200910,2.1016
603159.SH,20200910,1.4522
603160.SH,20200910,1.0202
603161.SH,20200910,1.0332
603165.SH,20200910,2.1055
603166.SH,20200910,1.3333
603167.SH,20200910,1.2657
603168.SH,20200910,4.7392
603169.SH,20200910,1.6274
603177.SH,20200910,1.0124
603178.SH,20200910,1.024
603179.SH,20200910,1.9243
603180.SH,20200910,1.4497
603181.SH,20200910,1.461
603183.SH,20200910,2.8133
603185.SH,20200910,1.8415
603186.SH,20200910,1.0213
603187.SH,20200910,2.0203
603188.SH,20200910,2.1604
603189.SH,20200910,1.0124
603192.SH,20200910,1.027
603195.SH,20200910,1.0213
603196.SH,20200910,1.0481
603197.SH,20200910,1.4641
603198.SH,20200910,1.1817
603199.SH,20200910,1.0339
603200.SH,20200910,1.3976
603203.SH,20200910,1.7608
603208.SH,20200910,1.3703
603212.SH,20200910,1.0019
603214.SH,20200910,1.436
603217.SH,20200910,1.4208
603218.SH,20200910,1.8975
603220.SH,20200910,1.0135
603221.SH,20200910,1.0119
603222.SH,20200910,2.0303
603223.SH,20200910,1.997
603225.SH,20200910,2.0174
603226.SH,20200910,2.421
603227.SH,20200910,2.0687
603228.SH,20200910,2.047
603229.SH,20200910,1.4129
603232.SH,20200910,2.8874
603233.SH,20200910,1.602
603236.SH,20200910,1.2025
603238.SH,20200910,1.0247
603239.SH,20200910,3.3522
603256.SH,20200910,1.0119
603258.SH,20200910,1.0333
603259.SH,20200910,1.9783
603260.SH,20200910,1.447
603266.SH,20200910,2.0203
603267.SH,20200910,1.4117
603268.SH,20200910,1.4256
603269.SH,20200910,1.1327
603277.SH,20200910,1.0544
603278.SH,20200910,1.442
603279.SH,20200910,1.0535
603283.SH,20200910,1.0341
603286.SH,20200910,1.0152
603288.SH,20200910,4.7306
603289.SH,20200910,1.3632
603290.SH,20200910,1.0017
603297.SH,20200910,1.329
603298.SH,20200910,1.5224
603299.SH,20200910,1.0407
603300.SH,20200910,2.8097
603301.SH,20200910,1.9979
603303.SH,20200910,2.1619
603305.SH,20200910,1.0135
603306.SH,20200910,2.1997
603308.SH,20200910,1.0262
603309.SH,20200910,2.7052
603311.SH,20200910,1.0501
603313.SH,20200910,1.3734
603315.SH,20200910,2.0449
603316.SH,20200910,1.0164
603317.SH,20200910,1.4648
603318.SH,20200910,3.0178
603319.SH,20200910,1.3605
603320.SH,20200910,1.3282
603321.SH,20200910,1.0228
603322.SH,20200910,1.9729
603323.SH,20200910,1.5393
603326.SH,20200910,2.0303
603327.SH,20200910,1.0097
603328.SH,20200910,2.7285
603329.SH,20200910,1.0244
603330.SH,20200910,2.6196
603331.SH,20200910,1.4568
603332.SH,20200910,1.0512
603333.SH,20200910,1.5334
603335.SH,20200910,1.7086
603336.SH,20200910,2.5125
603337.SH,20200910,2.2366
603338.SH,20200910,7.0023
603339.SH,20200910,1.5433
603345.SH,20200910,1.0302
603348.SH,20200910,1.024
603351.SH,20200910,2.0109
603353.SH,20200910,1.0081
603355.SH,20200910,1.1229
603356.SH,20200910,1.033
603357.SH,20200910,1.4759
603358.SH,20200910,2.1356
603359.SH,20200910,1.4506
603360.SH,20200910,2.1225
603363.SH,20200910,1.0028
603365.SH,20200910,1.1144
603366.SH,20200910,2.3839
603367.SH,20200910,1.0386
603368.SH,20200910,2.7396
603369.SH,20200910,2.6853
603377.SH,20200910,1.4718
603378.SH,20200910,1.0245
603379.SH,20200910,1.4208
603380.SH,20200910,1.0392
603383.SH,20200910,2.0097
603385.SH,20200910,1.3915
603386.SH,20200910,1.0185
603387.SH,20200910,2.0196
603388.SH,20200910,2.8578
603389.SH,20200910,1.2157
603390.SH,20200910,1.0074
603392.SH,20200910,1.0
603393.SH,20200910,2.1405
603396.SH,20200910,1.4374
603398.SH,20200910,3.1154
603399.SH,20200910,1.4188
603408.SH,20200910,1.0
603416.SH,20200910,1.4259
603421.SH,20200910,1.4466
603429.SH,20200910,5.1837
603439.SH,20200910,1.0
603444.SH,20200910,1.0938
603456.SH,20200910,3.8133
603458.SH,20200910,2.0265
603466.SH,20200910,2.0334
603477.SH,20200910,1.0218
603486.SH,20200910,1.4137
603488.SH,20200910,1.5007
603489.SH,20200910,1.0085
603496.SH,20200910,2.0171
603499.SH,20200910,1.9976
603500.SH,20200910,1.4667
603501.SH,20200910,1.0048
603505.SH,20200910,1.0292
603506.SH,20200910,1.7377
603507.SH,20200910,1.0205
603508.SH,20200910,1.4432
603515.SH,20200910,1.3655
603516.SH,20200910,1.4392
603517.SH,20200910,1.4576
603518.SH,20200910,1.4513
603519.SH,20200910,3.1106
603520.SH,20200910,2.0651
603527.SH,20200910,2.0468
603528.SH,20200910,3.1082
603530.SH,20200910,1.0082
603533.SH,20200910,1.0128
603535.SH,20200910,1.0181
603536.SH,20200910,1.4361
603538.SH,20200910,1.227
603551.SH,20200910,1.0185
603555.SH,20200910,1.099
603556.SH,20200910,1.4163
603557.SH,20200910,1.0582
603558.SH,20200910,4.0566
603559.SH,20200910,1.5065
603566.SH,20200910,2.1144
603567.SH,20200910,2.1325
603568.SH,20200910,2.7662
603569.SH,20200910,1.5395
603577.SH,20200910,2.1466
603578.SH,20200910,1.0284
603579.SH,20200910,2.1643
603580.SH,20200910,1.994
603583.SH,20200910,2.0821
603585.SH,20200910,1.9623
603586.SH,20200910,1.0716
603587.SH,20200910,1.3507
603588.SH,20200910,4.0686
603589.SH,20200910,1.0942
603590.SH,20200910,1.0275
603595.SH,20200910,1.9684
603596.SH,20200910,1.0063
603598.SH,20200910,2.0132
603599.SH,20200910,2.0633
603600.SH,20200910,2.8695
603601.SH,20200910,9.2511
603602.SH,20200910,2.5659
603603.SH,20200910,1.0139
603605.SH,20200910,1.0197
603606.SH,20200910,3.9793
603607.SH,20200910,2.0345
603608.SH,20200910,1.5205
603609.SH,20200910,1.5918
603610.SH,20200910,1.4126
603611.SH,20200910,3.0499
603612.SH,20200910,1.4512
603613.SH,20200910,1.4515
603615.SH,20200910,1.1265
603616.SH,20200910,2.0066
603617.SH,20200910,2.0123
603618.SH,20200910,3.1414
603619.SH,20200910,1.0112
603626.SH,20200910,2.054
603628.SH,20200910,1.0082
603629.SH,20200910,1.0163
603630.SH,20200910,1.3603
603633.SH,20200910,2.1221
603636.SH,20200910,4.7451
603637.SH,20200910,2.4679
603638.SH,20200910,3.2535
603639.SH,20200910,2.0252
603648.SH,20200910,1.0389
603650.SH,20200910,1.0338
603655.SH,20200910,1.0128
603656.SH,20200910,2.012
603657.SH,20200910,1.4692
603658.SH,20200910,1.052
603659.SH,20200910,1.0193
603660.SH,20200910,1.9893
603661.SH,20200910,1.0329
603662.SH,20200910,1.4154
603663.SH,20200910,1.4375
603665.SH,20200910,1.5909
603666.SH,20200910,1.9852
603667.SH,20200910,1.3794
603668.SH,20200910,1.4204
603669.SH,20200910,3.1022
603676.SH,20200910,1.012
603677.SH,20200910,2.5441
603678.SH,20200910,2.5715
603679.SH,20200910,1.4127
603680.SH,20200910,1.883
603681.SH,20200910,1.0182
603682.SH,20200910,1.0
603683.SH,20200910,1.0154
603685.SH,20200910,1.7729
603686.SH,20200910,2.9335
603687.SH,20200910,1.0022
603688.SH,20200910,1.5742
603689.SH,20200910,1.0477
603690.SH,20200910,1.0111
603693.SH,20200910,1.0427
603696.SH,20200910,2.2173
603697.SH,20200910,1.0153
603698.SH,20200910,1.3415
603699.SH,20200910,1.1614
603700.SH,20200910,1.3373
603701.SH,20200910,3.5292
603703.SH,20200910,2.5256
603706.SH,20200910,1.042
603707.SH,20200910,2.2265
603708.SH,20200910,1.8129
603709.SH,20200910,1.0205
603711.SH,20200910,1.0212
603712.SH,20200910,1.0066
603713.SH,20200910,1.0056
603716.SH,20200910,3.5259
603717.SH,20200910,1.4148
603718.SH,20200910,2.3224
603719.SH,20200910,1.0033
603721.SH,20200910,1.3209
603722.SH,20200910,1.0266
603725.SH,20200910,1.4443
603726.SH,20200910,2.1299
603727.SH,20200910,1.026
603728.SH,20200910,1.3115
603729.SH,20200910,1.4082
603730.SH,20200910,1.5286
603733.SH,20200910,1.0519
603737.SH,20200910,2.6363
603738.SH,20200910,2.4351
603739.SH,20200910,1.0153
603755.SH,20200910,1.007
603757.SH,20200910,2.086
603758.SH,20200910,1.0258
603766.SH,20200910,3.0008
603767.SH,20200910,1.4989
603768.SH,20200910,1.0248
603773.SH,20200910,1.026
603776.SH,20200910,2.0172
603777.SH,20200910,1.4568
603778.SH,20200910,6.3127
603779.SH,20200910,1.4724
603786.SH,20200910,1.0059
603787.SH,20200910,1.0378
603788.SH,20200910,1.6357
603789.SH,20200910,1.3218
603790.SH,20200910,1.3345
603797.SH,20200910,2.024
603798.SH,20200910,2.0817
603799.SH,20200910,1.8485
603800.SH,20200910,1.096
603801.SH,20200910,1.4882
603803.SH,20200910,1.0466
603806.SH,20200910,1.9901
603808.SH,20200910,2.1194
603809.SH,20200910,2.1149
603810.SH,20200910,1.4221
603811.SH,20200910,2.0714
603813.SH,20200910,1.0292
603815.SH,20200910,1.0048
603816.SH,20200910,1.5074
603817.SH,20200910,1.0217
603818.SH,20200910,2.0337
603819.SH,20200910,1.9047
603822.SH,20200910,1.0309
603823.SH,20200910,1.4598
603825.SH,20200910,1.4501
603826.SH,20200910,1.3187
603828.SH,20200910,4.6442
603829.SH,20200910,1.0258
603833.SH,20200910,1.4332
603838.SH,20200910,2.0518
603839.SH,20200910,1.5289
603843.SH,20200910,1.4201
603848.SH,20200910,1.0411
603855.SH,20200910,1.1075
603856.SH,20200910,1.361
603858.SH,20200910,1.9975
603859.SH,20200910,1.0128
603860.SH,20200910,1.0164
603861.SH,20200910,1.0375
603863.SH,20200910,1.0
603866.SH,20200910,1.51
603867.SH,20200910,1.0185
603868.SH,20200910,1.1375
603869.SH,20200910,1.5136
603871.SH,20200910,2.887
603876.SH,20200910,1.0163
603877.SH,20200910,1.1522
603878.SH,20200910,2.2238
603879.SH,20200910,1.9682
603880.SH,20200910,2.2452
603881.SH,20200910,1.0075
603882.SH,20200910,1.0077
603883.SH,20200910,1.4534
603885.SH,20200910,2.9558
603886.SH,20200910,1.1378
603887.SH,20200910,1.9907
603888.SH,20200910,2.6271
603889.SH,20200910,4.3656
603890.SH,20200910,2.8446
603893.SH,20200910,1.0052
603895.SH,20200910,1.4104
603896.SH,20200910,1.0243
603897.SH,20200910,1.0228
603898.SH,20200910,3.2223
603899.SH,20200910,2.1334
603900.SH,20200910,1.5737
603901.SH,20200910,4.1072
603903.SH,20200910,1.9831
603906.SH,20200910,1.4797
603908.SH,20200910,1.0875
603909.SH,20200910,1.4162
603912.SH,20200910,1.4518
603915.SH,20200910,1.0152
603916.SH,20200910,1.0431
603917.SH,20200910,1.4348
603918.SH,20200910,2.6554
603919.SH,20200910,1.7822
603920.SH,20200910,1.0916
603922.SH,20200910,1.0202
603926.SH,20200910,1.4183
603927.SH,20200910,1.0077
603928.SH,20200910,1.0603
603929.SH,20200910,1.0467
603931.SH,20200910,1.0
603933.SH,20200910,2.0316
603936.SH,20200910,1.9908
603937.SH,20200910,1.0224
603938.SH,20200910,1.0219
603939.SH,20200910,2.883
603948.SH,20200910,1.0
603949.SH,20200910,1.0151
603950.SH,20200910,1.0431
603955.SH,20200910,1.3091
603956.SH,20200910,1.0143
603958.SH,20200910,1.0323
603959.SH,20200910,1.9836
603960.SH,20200910,3.1255
603963.SH,20200910,2.218
603966.SH,20200910,1.3384
603967.SH,20200910,1.0475
603968.SH,20200910,2.2282
603969.SH,20200910,4.5098
603970.SH,20200910,1.4971
603976.SH,20200910,1.4388
603977.SH,20200910,2.0826
603978.SH,20200910,2.0161
603979.SH,20200910,1.6068
603980.SH,20200910,1.5666
603982.SH,20200910,1.0076
603983.SH,20200910,1.0046
603985.SH,20200910,2.6599
603986.SH,20200910,3.9589
603987.SH,20200910,2.2115
603988.SH,20200910,3.1952
603989.SH,20200910,2.2072
603990.SH,20200910,1.8517
603991.SH,20200910,1.0125
603992.SH,20200910,1.0106
603993.SH,20200910,3.3967
603995.SH,20200910,1.0311
603996.SH,20200910,1.5357
603997.SH,20200910,1.6718
603998.SH,20200910,3.9885
603999.SH,20200910,2.4549
605001.SH,20200910,1.0
605003.SH,20200910,1.0
605006.SH,20200910,1.0
605008.SH,20200910,1.0
605066.SH,20200910,1.0
605088.SH,20200910,1.0
605100.SH,20200910,1.0
605108.SH,20200910,1.0
605118.SH,20200910,1.0
605123.SH,20200910,1.0
605158.SH,20200910,1.0
605166.SH,20200910,1.0
605168.SH,20200910,1.0051
605178.SH,20200910,1.0
605188.SH,20200910,1.0
605199.SH,20200910,1.0
605222.SH,20200910,1.0
605255.SH,20200910,1.0
605288.SH,20200910,1.0
605318.SH,20200910,1.0
605333.SH,20200910,1.0
605366.SH,20200910,1.0
605388.SH,20200910,1.0
605399.SH,20200910,1.0
688001.SH,20200910,1.0031
688002.SH,20200910,1.0011
688003.SH,20200910,1.0073
688004.SH,20200910,1.0
688005.SH,20200910,1.0026
688006.SH,20200910,1.0049
688007.SH,20200910,1.0028
688008.SH,20200910,1.003
688009.SH,20200910,1.0316
688010.SH,20200910,1.0043
688011.SH,20200910,1.0043
688012.SH,20200910,1.0
688015.SH,20200910,1.0047
688016.SH,20200910,1.0022
688017.SH,20200910,1.0
688018.SH,20200910,1.0042
688019.SH,20200910,1.001
688020.SH,20200910,1.0049
688021.SH,20200910,1.0026
688022.SH,20200910,1.0067
688023.SH,20200910,1.0014
688025.SH,20200910,1.0041
688026.SH,20200910,1.0056
688027.SH,20200910,1.0
688028.SH,20200910,1.0126
688029.SH,20200910,1.0055
688030.SH,20200910,1.0014
688033.SH,20200910,1.0036
688036.SH,20200910,1.0109
688037.SH,20200910,1.0009
688039.SH,20200910,1.0043
688050.SH,20200910,1.0
688051.SH,20200910,1.0024
688055.SH,20200910,1.0
688056.SH,20200910,1.0
688058.SH,20200910,1.0037
688060.SH,20200910,1.0
688065.SH,20200910,1.0
688066.SH,20200910,1.0009
688068.SH,20200910,1.0045
688069.SH,20200910,1.0
688077.SH,20200910,1.0
688078.SH,20200910,1.005
688080.SH,20200910,1.0021
688081.SH,20200910,1.0058
688085.SH,20200910,1.0
688086.SH,20200910,1.0029
688088.SH,20200910,1.0013
688089.SH,20200910,1.0098
688090.SH,20200910,1.0029
688095.SH,20200910,1.0
688096.SH,20200910,1.0
688098.SH,20200910,1.0037
688099.SH,20200910,1.0022
688100.SH,20200910,1.0058
688101.SH,20200910,1.0114
688106.SH,20200910,1.0
688108.SH,20200910,1.0034
688111.SH,20200910,1.0011
688116.SH,20200910,1.0022
688118.SH,20200910,1.004
688122.SH,20200910,1.0086
688123.SH,20200910,1.0038
688126.SH,20200910,1.0
688128.SH,20200910,1.0151
688138.SH,20200910,1.0029
688139.SH,20200910,1.0045
688155.SH,20200910,1.0
688157.SH,20200910,1.0
688158.SH,20200910,1.0008
688159.SH,20200910,1.0015
688165.SH,20200910,1.0
688166.SH,20200910,1.0016
688168.SH,20200910,1.0048
688169.SH,20200910,1.0044
688177.SH,20200910,1.0
688178.SH,20200910,1.0116
688180.SH,20200910,1.0
688181.SH,20200910,1.0055
688185.SH,20200910,1.0
688186.SH,20200910,1.0146
688188.SH,20200910,1.0049
688189.SH,20200910,1.0
688196.SH,20200910,1.0202
688198.SH,20200910,1.0016
688199.SH,20200910,1.0177
688200.SH,20200910,1.0025
688202.SH,20200910,1.0
688208.SH,20200910,1.0092
688215.SH,20200910,1.0
688218.SH,20200910,1.0051
688222.SH,20200910,1.0024
688228.SH,20200910,1.0048
688229.SH,20200910,1.0
688233.SH,20200910,1.0028
688256.SH,20200910,1.0
688258.SH,20200910,1.0015
688266.SH,20200910,1.0
688268.SH,20200910,1.0029
688277.SH,20200910,1.0
688278.SH,20200910,1.0005
688286.SH,20200910,1.0
688288.SH,20200910,1.0089
688289.SH,20200910,1.0
688298.SH,20200910,1.0018
688299.SH,20200910,1.007
688300.SH,20200910,1.0077
688309.SH,20200910,1.0
688310.SH,20200910,1.0101
688311.SH,20200910,1.0
688312.SH,20200910,1.0
688313.SH,20200910,1.0
688318.SH,20200910,1.0
688321.SH,20200910,1.0
688333.SH,20200910,1.0015
688335.SH,20200910,1.0
688336.SH,20200910,1.0
688338.SH,20200910,1.0
688339.SH,20200910,1.0
688356.SH,20200910,1.0
688357.SH,20200910,1.0112
688358.SH,20200910,1.013
688360.SH,20200910,1.0
688363.SH,20200910,1.0026
688365.SH,20200910,1.0024
688366.SH,20200910,1.006
688368.SH,20200910,1.0062
688369.SH,20200910,1.0059
688377.SH,20200910,1.0
688378.SH,20200910,1.0
688379.SH,20200910,1.0
688388.SH,20200910,1.0083
688389.SH,20200910,1.0045
688390.SH,20200910,1.0
688393.SH,20200910,1.0
688396.SH,20200910,1.0007
688398.SH,20200910,1.0051
688399.SH,20200910,1.007
688408.SH,20200910,1.0
688418.SH,20200910,1.0
688466.SH,20200910,1.0017
688488.SH,20200910,1.0
688500.SH,20200910,1.0
688505.SH,20200910,1.0
688508.SH,20200910,1.0
688513.SH,20200910,1.0
688516.SH,20200910,1.0054
688518.SH,20200910,1.0
688519.SH,20200910,1.0
688520.SH,20200910,1.0
688521.SH,20200910,1.0
688528.SH,20200910,1.0
688550.SH,20200910,1.0
688555.SH,20200910,1.0
688556.SH,20200910,1.0
688558.SH,20200910,1.0
688559.SH,20200910,1.0
688561.SH,20200910,1.0
688566.SH,20200910,1.0
688567.SH,20200910,1.0
688568.SH,20200910,1.0
688569.SH,20200910,1.0
688579.SH,20200910,1.0
688580.SH,20200910,1.0
688586.SH,20200910,1.0
688588.SH,20200910,1.0045
688589.SH,20200910,1.0
688596.SH,20200910,1.0
688598.SH,20200910,1.0
688599.SH,20200910,1.0058
688600.SH,20200910,1.0
688981.SH,20200910,1.0
000029.SZ,20200910,2.2348
000670.SZ,20200910,10.09
000727.SZ,20200910,5.6347
000760.SZ,20200910,8.186
000792.SZ,20200910,7.369
000939.SZ,20200910,18.944
000995.SZ,20200910,1.686
002089.SZ,20200910,15.9683
002260.SZ,20200910,2.31
002359.SZ,20200910,5.171
002450.SZ,20200910,14.677
002711.SZ,20200910,7.187
002788.SZ,20200910,2.6738
002819.SZ,20200910,1.3109
300064.SZ,20200910,4.1338
300069.SZ,20200910,2.011
300073.SZ,20200910,4.093
300128.SZ,20200910,9.961
300299.SZ,20200910,8.1015
300301.SZ,20200910,5.5715
300313.SZ,20200910,2.0273
300362.SZ,20200910,3.002
300405.SZ,20200910,2.9399
300431.SZ,20200910,2.644
300665.SZ,20200910,1.6109
300678.SZ,20200910,1.81
300882.SZ,20200910,1.0
300883.SZ,20200910,1.0
300885.SZ,20200910,1.0
600401.SH,20200910,18.868
600433.SH,20200910,6.4314
600485.SH,20200910,2.826
600538.SH,20200910,3.0815
600614.SH,20200910,167.722
600656.SH,20200910,17.771
600677.SH,20200910,6.381
600680.SH,20200910,3.918
600701.SH,20200910,4.76
600891.SH,20200910,3.442
603002.SH,20200910,1.6045
688551.SH,20200910,1.0
832317.BJ,20200910,2.5
920047.BJ,20200910,433.618
920090.BJ,20200910,4.5339
920198.BJ,20200910,2.3819
920418.BJ,20200910,1.9312
920489.BJ,20200910,1.0
920510.BJ,20200910,1.0798
920799.BJ,20200910,1.0
920832.BJ,20200910,1.5891
920839.BJ,20200910,1.1112
920946.BJ,20200910,2.0808
920964.BJ,20200910,2.099
920010.BJ,20200910,3.3975
920039.BJ,20200910,1.2034
920405.BJ,20200910,1.4889
920370.BJ,20200910,4.6667
920445.BJ,20200910,1.0255
920689.BJ,20200910,1.1817
920726.BJ,20200910,2.0328
920768.BJ,20200910,1.0156
920932.BJ,20200910,1.0166
920856.BJ,20200910,1.056
920961.BJ,20200910,3.9759
920000.BJ,20200910,1.0909
920089.BJ,20200910,1.0427
920145.BJ,20200910,7.9354
920171.BJ,20200910,1.9425
920225.BJ,20200910,1.0145
920278.BJ,20200910,1.1717
920419.BJ,20200910,1.0182
920566.BJ,20200910,1.1738
920735.BJ,20200910,1.5084
920885.BJ,20200910,1.0965
920266.BJ,20200910,1.0671
920346.BJ,20200910,1.0894
920427.BJ,20200910,100.0
920454.BJ,20200910,1.051
920509.BJ,20200910,3.9417
920523.BJ,20200910,3.3207
920819.BJ,20200910,1.0
920873.BJ,20200910,1.9083
833874.BJ,20200910,1.3932
833994.BJ,20200910,1.0
920021.BJ,20200910,6.4289
920415.BJ,20200910,2.0
920475.BJ,20200910,3.4437
920599.BJ,20200910,3.8168
920682.BJ,20200910,1.0
920765.BJ,20200910,1.2088
920174.BJ,20200910,1.1384
920179.BJ,20200910,1.0
920184.BJ,20200910,1.0973
920185.BJ,20200910,4.5121
920305.BJ,20200910,3.2584
920368.BJ,20200910,1.1014
920508.BJ,20200910,1.1895
920640.BJ,20200910,1.4831
920670.BJ,20200910,2.13
920077.BJ,20200910,1.0
920149.BJ,20200910,1.0
920239.BJ,20200910,1.0355
920260.BJ,20200910,1.096
920263.BJ,20200910,1.7289
920433.BJ,20200910,1.8869
920675.BJ,20200910,1.0732
920720.BJ,20200910,1.0
920826.BJ,20200910,2.1544
920892.BJ,20200910,11.104
920092.BJ,20200910,1.5985
920212.BJ,20200910,2.078
920242.BJ,20200910,4.24
920344.BJ,20200910,1.1536
920030.BJ,20200910,2.3179
920163.BJ,20200910,1.5928
920275.BJ,20200910,1.0473
920924.BJ,20200910,1.0
920167.BJ,20200910,1.0
920680.BJ,20200910,1.0
920729.BJ,20200910,1.1094
920146.BJ,20200910,1.4248
920436.BJ,20200910,1.1225
920245.BJ,20200910,1.0
920396.BJ,20200910,1.2055
920553.BJ,20200910,1.0687
920642.BJ,20200910,1.0
920857.BJ,20200910,1.0338
920925.BJ,20200910,1.0
920533.BJ,20200910,3.8795
920639.BJ,20200910,1.0527
920402.BJ,20200910,1.0
920876.BJ,20200910,2.4886
920271.BJ,20200910,1.4066
920662.BJ,20200910,2.8325
920580.BJ,20200910,1.2472
920870.BJ,20200910,1.1989
920237.BJ,20200910,1.0286
920641.BJ,20200910,2.4685
920199.BJ,20200910,1.6
920753.BJ,20200910,1.0
920970.BJ,20200910,1.0
920564.BJ,20200910,2.35
920821.BJ,20200910,2.0455
920062.BJ,20200910,1.3826
920207.BJ,20200910,1.0752
920914.BJ,20200910,1.2724
920491.BJ,20200910,1.0358
920374.BJ,20200910,2.0096
920267.BJ,20200910,1.7665
920395.BJ,20200910,1.6237
920985.BJ,20200910,1.4439
920971.BJ,20200910,1.011
920943.BJ,20200910,1.0775
920992.BJ,20200910,1.1906
920476.BJ,20200910,3.5989
920834.BJ,20200910,2.2034
920685.BJ,20200910,3.861
920378.BJ,20200910,2.042
920790.BJ,20200910,1.0724
920152.BJ,20200910,1.0364
920139.BJ,20200910,5.2055
920339.BJ,20200910,1.0
920634.BJ,20200910,1.2903
920725.BJ,20200910,1.0345
920299.BJ,20200910,1.0542
920871.BJ,20200910,1.0377
920169.BJ,20200910,1.0
920808.BJ,20200910,1.0186
920046.BJ,20200910,1.0994
920190.BJ,20200910,1.0
920262.BJ,20200910,1.0
920392.BJ,20200910,1.0245
920195.BJ,20200910,1.0239
920781.BJ,20200910,2.7076
920414.BJ,20200910,1.7493
920957.BJ,20200910,18.6367
920075.BJ,20200910,1.2123
920230.BJ,20200910,1.355
920866.BJ,20200910,1.25
920942.BJ,20200910,1.0333
920014.BJ,20200910,1.139
920110.BJ,20200910,1.0358
920300.BJ,20200910,2.0
920087.BJ,20200910,1.1173
920608.BJ,20200910,1.0
920810.BJ,20200910,1.0332
920429.BJ,20200910,2.3205
920571.BJ,20200910,1.0
920718.BJ,20200910,1.0718
920526.BJ,20200910,5.3089
920879.BJ,20200910,2.6347
920807.BJ,20200910,1.0307
920351.BJ,20200910,1.0
920033.BJ,20200910,1.5196
920855.BJ,20200910,1.0
920227.BJ,20200910,11.0353
920304.BJ,20200910,1.0
920541.BJ,20200910,1.0714
920249.BJ,20200910,4.9423
920770.BJ,20200910,1.0
920478.BJ,20200910,2.3645
920809.BJ,20200910,2.3452
920023.BJ,20200910,2.0656
920802.BJ,20200910,1.6805
920422.BJ,20200910,1.0
920261.BJ,20200910,1.0948
920057.BJ,20200910,1.0
920663.BJ,20200910,1.2621
920575.BJ,20200910,1.0
920556.BJ,20200910,3.0656
920425.BJ,20200910,1.3643
920407.BJ,20200910,1.5134
920974.BJ,20200910,2.0892
920273.BJ,20200910,1.1041
920906.BJ,20200910,1.0067
920792.BJ,20200910,1.1102
920252.BJ,20200910,1.3746
920895.BJ,20200910,1.0
920221.BJ,20200910,1.0
920006.BJ,20200910,1.0139
920471.BJ,20200910,1.0663
920779.BJ,20200910,1.5726
920017.BJ,20200910,1.007
920651.BJ,20200910,1.3287
920751.BJ,20200910,11.5
920592.BJ,20200910,1.0214
920701.BJ,20200910,1.0602
920394.BJ,20200910,1.0
920982.BJ,20200910,2.4688
920719.BJ,20200910,1.0
920455.BJ,20200910,2.1148
920175.BJ,20200910,1.0
920208.BJ,20200910,1.0
920717.BJ,20200910,1.0
920896.BJ,20200910,1.4237
920058.BJ,20200910,1.0
920504.BJ,20200910,1.1
920978.BJ,20200910,1.067
920786.BJ,20200910,1.9976
920469.BJ,20200910,1.0
920519.BJ,20200910,1.047
920627.BJ,20200910,1.0
920976.BJ,20200910,1.0397
920284.BJ,20200910,3.4784
920579.BJ,20200910,1.0215
920522.BJ,20200910,1.0863
920375.BJ,20200910,1.0533
920061.BJ,20200910,1.0089
920493.BJ,20200910,1.0
920130.BJ,20200910,2.0192
920403.BJ,20200910,1.3708
920496.BJ,20200910,2.051
920438.BJ,20200910,1.0
920123.BJ,20200910,2.0505
302132.SZ,20200910,5.9243
